Header

0;99;95;1;99;94;2;99;93;3;99;92;4;99;91;5;99;90;6;99;89;7;99;88;8;99;87;9;99;86;10;99;85;11;99;84;12;99;83;13;99;82;14;99;81;15;99;80;16;99;79;17;99;78;18;99;77;19;99;76;20;99;75;21;99;74;22;99;73;23;99;72;24;99;71;25;99;70;26;99;69;27;99;68;28;99;67;29;99;66;30;99;65;31;99;64;32;99;63;33;99;62;34;99;61;35;99;60;36;99;59;37;99;58;38;99;57;39;99;56;40;99;55;41;99;54;42;99;53;43;99;52;44;99;51;45;99;50;46;99;49;47;99;48;48;99;47;49;99;46;50;99;45;51;99;44;52;99;43;53;99;42;54;99;41;55;99;40;56;99;39;57;99;38;58;99;37;59;99;36;60;99;35;61;99;34;62;99;33;63;99;32;64;99;31;65;99;30;66;99;29;67;99;28;68;99;27;69;99;26;70;99;25;71;99;24;72;99;23;73;99;22;74;99;21;75;99;20;76;99;19;77;99;18;78;99;17;79;99;16;80;99;15;81;99;14;82;99;13;83;99;12;84;99;11;85;99;10;86;99;9;87;99;8;88;99;7;89;99;6;90;99;5;91;99;4;92;99;3;93;99;2;94;99;1;95;99;0;96;99;1;97;99;2;98;99;3;99;99;4;

0;98;96;1;98;95;2;98;94;3;98;93;4;98;92;5;98;91;6;98;90;7;98;89;8;98;88;9;98;87;10;98;86;11;98;85;12;98;84;13;98;83;14;98;82;15;98;81;16;98;80;17;98;79;18;98;78;19;98;77;20;98;76;21;98;75;22;98;74;23;98;73;24;98;72;25;98;71;26;98;70;27;98;69;28;98;68;29;98;67;30;98;66;31;98;65;32;98;64;33;98;63;34;98;62;35;98;61;36;98;60;37;98;59;38;98;58;39;98;57;40;98;56;41;98;55;42;98;54;43;98;53;44;98;52;45;98;51;46;98;50;47;98;49;48;98;48;49;98;47;50;98;46;51;98;45;52;98;44;53;98;43;54;98;42;55;98;41;56;98;40;57;98;39;58;98;38;59;98;37;60;98;36;61;98;35;62;98;34;63;98;33;64;98;32;65;98;31;66;98;30;67;98;29;68;98;28;69;98;27;70;98;26;71;98;25;72;98;24;73;98;23;74;98;22;75;98;21;76;98;20;77;98;19;78;98;18;79;98;17;80;98;16;81;98;15;82;98;14;83;98;13;84;98;12;85;98;11;86;98;10;87;98;9;88;98;8;89;98;7;90;98;6;91;98;5;92;98;4;93;98;3;94;98;2;95;98;1;96;98;2;97;98;3;98;98;4;99;98;5;

0;97;97;1;97;96;2;97;95;3;97;94;4;97;93;5;97;92;6;97;91;7;97;90;8;97;89;9;97;88;10;97;87;11;97;86;12;97;85;13;97;84;14;97;83;15;97;82;16;97;81;17;97;80;18;97;79;19;97;78;20;97;77;21;97;76;22;97;75;23;97;74;24;97;73;25;97;72;26;97;71;27;97;70;28;97;69;29;97;68;30;97;67;31;97;66;32;97;65;33;97;64;34;97;63;35;97;62;36;97;61;37;97;60;38;97;59;39;97;58;40;97;57;41;97;56;42;97;55;43;97;54;44;97;53;45;97;52;46;97;51;47;97;50;48;97;49;49;97;48;50;97;47;51;97;46;52;97;45;53;97;44;54;97;43;55;97;42;56;97;41;57;97;40;58;97;39;59;97;38;60;97;37;61;97;36;62;97;35;63;97;34;64;97;33;65;97;32;66;97;31;67;97;30;68;97;29;69;97;28;70;97;27;71;97;26;72;97;25;73;97;24;74;97;23;75;97;22;76;97;21;77;97;20;78;97;19;79;97;18;80;97;17;81;97;16;82;97;15;83;97;14;84;97;13;85;97;12;86;97;11;87;97;10;88;97;9;89;97;8;90;97;7;91;97;6;92;97;5;93;97;4;94;97;3;95;97;2;96;97;3;97;97;4;98;97;5;99;97;6;

0;96;98;1;96;97;2;96;96;3;96;95;4;96;94;5;96;93;6;96;92;7;96;91;8;96;90;9;96;89;10;96;88;11;96;87;12;96;86;13;96;85;14;96;84;15;96;83;16;96;82;17;96;81;18;96;80;19;96;79;20;96;78;21;96;77;22;96;76;23;96;75;24;96;74;25;96;73;26;96;72;27;96;71;28;96;70;29;96;69;30;96;68;31;96;67;32;96;66;33;96;65;34;96;64;35;96;63;36;96;62;37;96;61;38;96;60;39;96;59;40;96;58;41;96;57;42;96;56;43;96;55;44;96;54;45;96;53;46;96;52;47;96;51;48;96;50;49;96;49;50;96;48;51;96;47;52;96;46;53;96;45;54;96;44;55;96;43;56;96;42;57;96;41;58;96;40;59;96;39;60;96;38;61;96;37;62;96;36;63;96;35;64;96;34;65;96;33;66;96;32;67;96;31;68;96;30;69;96;29;70;96;28;71;96;27;72;96;26;73;96;25;74;96;24;75;96;23;76;96;22;77;96;21;78;96;20;79;96;19;80;96;18;81;96;17;82;96;16;83;96;15;84;96;14;85;96;13;86;96;12;87;96;11;88;96;10;89;96;9;90;96;8;91;96;7;92;96;6;93;96;5;94;96;4;95;96;3;96;96;4;97;96;5;98;96;6;99;96;7;

0;95;99;1;95;98;2;95;97;3;95;96;4;95;95;5;95;94;6;95;93;7;95;92;8;95;91;9;95;90;10;95;89;11;95;88;12;95;87;13;95;86;14;95;85;15;95;84;16;95;83;17;95;82;18;95;81;19;95;80;20;95;79;21;95;78;22;95;77;23;95;76;24;95;75;25;95;74;26;95;73;27;95;72;28;95;71;29;95;70;30;95;69;31;95;68;32;95;67;33;95;66;34;95;65;35;95;64;36;95;63;37;95;62;38;95;61;39;95;60;40;95;59;41;95;58;42;95;57;43;95;56;44;95;55;45;95;54;46;95;53;47;95;52;48;95;51;49;95;50;50;95;49;51;95;48;52;95;47;53;95;46;54;95;45;55;95;44;56;95;43;57;95;42;58;95;41;59;95;40;60;95;39;61;95;38;62;95;37;63;95;36;64;95;35;65;95;34;66;95;33;67;95;32;68;95;31;69;95;30;70;95;29;71;95;28;72;95;27;73;95;26;74;95;25;75;95;24;76;95;23;77;95;22;78;95;21;79;95;20;80;95;19;81;95;18;82;95;17;83;95;16;84;95;15;85;95;14;86;95;13;87;95;12;88;95;11;89;95;10;90;95;9;91;95;8;92;95;7;93;95;6;94;95;5;95;95;4;96;95;5;97;95;6;98;95;7;99;95;8;

0;94;100;1;94;99;2;94;98;3;94;97;4;94;96;5;94;95;6;94;94;7;94;93;8;94;92;9;94;91;10;94;90;11;94;89;12;94;88;13;94;87;14;94;86;15;94;85;16;94;84;17;94;83;18;94;82;19;94;81;20;94;80;21;94;79;22;94;78;23;94;77;24;94;76;25;94;75;26;94;74;27;94;73;28;94;72;29;94;71;30;94;70;31;94;69;32;94;68;33;94;67;34;94;66;35;94;65;36;94;64;37;94;63;38;94;62;39;94;61;40;94;60;41;94;59;42;94;58;43;94;57;44;94;56;45;94;55;46;94;54;47;94;53;48;94;52;49;94;51;50;94;50;51;94;49;52;94;48;53;94;47;54;94;46;55;94;45;56;94;44;57;94;43;58;94;42;59;94;41;60;94;40;61;94;39;62;94;38;63;94;37;64;94;36;65;94;35;66;94;34;67;94;33;68;94;32;69;94;31;70;94;30;71;94;29;72;94;28;73;94;27;74;94;26;75;94;25;76;94;24;77;94;23;78;94;22;79;94;21;80;94;20;81;94;19;82;94;18;83;94;17;84;94;16;85;94;15;86;94;14;87;94;13;88;94;12;89;94;11;90;94;10;91;94;9;92;94;8;93;94;7;94;94;6;95;94;5;96;94;6;97;94;7;98;94;8;99;94;9;

0;93;101;1;93;100;2;93;99;3;93;98;4;93;97;5;93;96;6;93;95;7;93;94;8;93;93;9;93;92;10;93;91;11;93;90;12;93;89;13;93;88;14;93;87;15;93;86;16;93;85;17;93;84;18;93;83;19;93;82;20;93;81;21;93;80;22;93;79;23;93;78;24;93;77;25;93;76;26;93;75;27;93;74;28;93;73;29;93;72;30;93;71;31;93;70;32;93;69;33;93;68;34;93;67;35;93;66;36;93;65;37;93;64;38;93;63;39;93;62;40;93;61;41;93;60;42;93;59;43;93;58;44;93;57;45;93;56;46;93;55;47;93;54;48;93;53;49;93;52;50;93;51;51;93;50;52;93;49;53;93;48;54;93;47;55;93;46;56;93;45;57;93;44;58;93;43;59;93;42;60;93;41;61;93;40;62;93;39;63;93;38;64;93;37;65;93;36;66;93;35;67;93;34;68;93;33;69;93;32;70;93;31;71;93;30;72;93;29;73;93;28;74;93;27;75;93;26;76;93;25;77;93;24;78;93;23;79;93;22;80;93;21;81;93;20;82;93;19;83;93;18;84;93;17;85;93;16;86;93;15;87;93;14;88;93;13;89;93;12;90;93;11;91;93;10;92;93;9;93;93;8;94;93;7;95;93;6;96;93;7;97;93;8;98;93;9;99;93;10;

0;92;102;1;92;101;2;92;100;3;92;99;4;92;98;5;92;97;6;92;96;7;92;95;8;92;94;9;92;93;10;92;92;11;92;91;12;92;90;13;92;89;14;92;88;15;92;87;16;92;86;17;92;85;18;92;84;19;92;83;20;92;82;21;92;81;22;92;80;23;92;79;24;92;78;25;92;77;26;92;76;27;92;75;28;92;74;29;92;73;30;92;72;31;92;71;32;92;70;33;92;69;34;92;68;35;92;67;36;92;66;37;92;65;38;92;64;39;92;63;40;92;62;41;92;61;42;92;60;43;92;59;44;92;58;45;92;57;46;92;56;47;92;55;48;92;54;49;92;53;50;92;52;51;92;51;52;92;50;53;92;49;54;92;48;55;92;47;56;92;46;57;92;45;58;92;44;59;92;43;60;92;42;61;92;41;62;92;40;63;92;39;64;92;38;65;92;37;66;92;36;67;92;35;68;92;34;69;92;33;70;92;32;71;92;31;72;92;30;73;92;29;74;92;28;75;92;27;76;92;26;77;92;25;78;92;24;79;92;23;80;92;22;81;92;21;82;92;20;83;92;19;84;92;18;85;92;17;86;92;16;87;92;15;88;92;14;89;92;13;90;92;12;91;92;11;92;92;10;93;92;9;94;92;8;95;92;7;96;92;8;97;92;9;98;92;10;99;92;11;

0;91;103;1;91;102;2;91;101;3;91;100;4;91;99;5;91;98;6;91;97;7;91;96;8;91;95;9;91;94;10;91;93;11;91;92;12;91;91;13;91;90;14;91;89;15;91;88;16;91;87;17;91;86;18;91;85;19;91;84;20;91;83;21;91;82;22;91;81;23;91;80;24;91;79;25;91;78;26;91;77;27;91;76;28;91;75;29;91;74;30;91;73;31;91;72;32;91;71;33;91;70;34;91;69;35;91;68;36;91;67;37;91;66;38;91;65;39;91;64;40;91;63;41;91;62;42;91;61;43;91;60;44;91;59;45;91;58;46;91;57;47;91;56;48;91;55;49;91;54;50;91;53;51;91;52;52;91;51;53;91;50;54;91;49;55;91;48;56;91;47;57;91;46;58;91;45;59;91;44;60;91;43;61;91;42;62;91;41;63;91;40;64;91;39;65;91;38;66;91;37;67;91;36;68;91;35;69;91;34;70;91;33;71;91;32;72;91;31;73;91;30;74;91;29;75;91;28;76;91;27;77;91;26;78;91;25;79;91;24;80;91;23;81;91;22;82;91;21;83;91;20;84;91;19;85;91;18;86;91;17;87;91;16;88;91;15;89;91;14;90;91;13;91;91;12;92;91;11;93;91;10;94;91;9;95;91;8;96;91;9;97;91;10;98;91;11;99;91;12;

0;90;104;1;90;103;2;90;102;3;90;101;4;90;100;5;90;99;6;90;98;7;90;97;8;90;96;9;90;95;10;90;94;11;90;93;12;90;92;13;90;91;14;90;90;15;90;89;16;90;88;17;90;87;18;90;86;19;90;85;20;90;84;21;90;83;22;90;82;23;90;81;24;90;80;25;90;79;26;90;78;27;90;77;28;90;76;29;90;75;30;90;74;31;90;73;32;90;72;33;90;71;34;90;70;35;90;69;36;90;68;37;90;67;38;90;66;39;90;65;40;90;64;41;90;63;42;90;62;43;90;61;44;90;60;45;90;59;46;90;58;47;90;57;48;90;56;49;90;55;50;90;54;51;90;53;52;90;52;53;90;51;54;90;50;55;90;49;56;90;48;57;90;47;58;90;46;59;90;45;60;90;44;61;90;43;62;90;42;63;90;41;64;90;40;65;90;39;66;90;38;67;90;37;68;90;36;69;90;35;70;90;34;71;90;33;72;90;32;73;90;31;74;90;30;75;90;29;76;90;28;77;90;27;78;90;26;79;90;25;80;90;24;81;90;23;82;90;22;83;90;21;84;90;20;85;90;19;86;90;18;87;90;17;88;90;16;89;90;15;90;90;14;91;90;13;92;90;12;93;90;11;94;90;10;95;90;9;96;90;10;97;90;11;98;90;12;99;90;13;

0;89;105;1;89;104;2;89;103;3;89;102;4;89;101;5;89;100;6;89;99;7;89;98;8;89;97;9;89;96;10;89;95;11;89;94;12;89;93;13;89;92;14;89;91;15;89;90;16;89;89;17;89;88;18;89;87;19;89;86;20;89;85;21;89;84;22;89;83;23;89;82;24;89;81;25;89;80;26;89;79;27;89;78;28;89;77;29;89;76;30;89;75;31;89;74;32;89;73;33;89;72;34;89;71;35;89;70;36;89;69;37;89;68;38;89;67;39;89;66;40;89;65;41;89;64;42;89;63;43;89;62;44;89;61;45;89;60;46;89;59;47;89;58;48;89;57;49;89;56;50;89;55;51;89;54;52;89;53;53;89;52;54;89;51;55;89;50;56;89;49;57;89;48;58;89;47;59;89;46;60;89;45;61;89;44;62;89;43;63;89;42;64;89;41;65;89;40;66;89;39;67;89;38;68;89;37;69;89;36;70;89;35;71;89;34;72;89;33;73;89;32;74;89;31;75;89;30;76;89;29;77;89;28;78;89;27;79;89;26;80;89;25;81;89;24;82;89;23;83;89;22;84;89;21;85;89;20;86;89;19;87;89;18;88;89;17;89;89;16;90;89;15;91;89;14;92;89;13;93;89;12;94;89;11;95;89;10;96;89;11;97;89;12;98;89;13;99;89;14;

0;88;106;1;88;105;2;88;104;3;88;103;4;88;102;5;88;101;6;88;100;7;88;99;8;88;98;9;88;97;10;88;96;11;88;95;12;88;94;13;88;93;14;88;92;15;88;91;16;88;90;17;88;89;18;88;88;19;88;87;20;88;86;21;88;85;22;88;84;23;88;83;24;88;82;25;88;81;26;88;80;27;88;79;28;88;78;29;88;77;30;88;76;31;88;75;32;88;74;33;88;73;34;88;72;35;88;71;36;88;70;37;88;69;38;88;68;39;88;67;40;88;66;41;88;65;42;88;64;43;88;63;44;88;62;45;88;61;46;88;60;47;88;59;48;88;58;49;88;57;50;88;56;51;88;55;52;88;54;53;88;53;54;88;52;55;88;51;56;88;50;57;88;49;58;88;48;59;88;47;60;88;46;61;88;45;62;88;44;63;88;43;64;88;42;65;88;41;66;88;40;67;88;39;68;88;38;69;88;37;70;88;36;71;88;35;72;88;34;73;88;33;74;88;32;75;88;31;76;88;30;77;88;29;78;88;28;79;88;27;80;88;26;81;88;25;82;88;24;83;88;23;84;88;22;85;88;21;86;88;20;87;88;19;88;88;18;89;88;17;90;88;16;91;88;15;92;88;14;93;88;13;94;88;12;95;88;11;96;88;12;97;88;13;98;88;14;99;88;15;

0;87;107;1;87;106;2;87;105;3;87;104;4;87;103;5;87;102;6;87;101;7;87;100;8;87;99;9;87;98;10;87;97;11;87;96;12;87;95;13;87;94;14;87;93;15;87;92;16;87;91;17;87;90;18;87;89;19;87;88;20;87;87;21;87;86;22;87;85;23;87;84;24;87;83;25;87;82;26;87;81;27;87;80;28;87;79;29;87;78;30;87;77;31;87;76;32;87;75;33;87;74;34;87;73;35;87;72;36;87;71;37;87;70;38;87;69;39;87;68;40;87;67;41;87;66;42;87;65;43;87;64;44;87;63;45;87;62;46;87;61;47;87;60;48;87;59;49;87;58;50;87;57;51;87;56;52;87;55;53;87;54;54;87;53;55;87;52;56;87;51;57;87;50;58;87;49;59;87;48;60;87;47;61;87;46;62;87;45;63;87;44;64;87;43;65;87;42;66;87;41;67;87;40;68;87;39;69;87;38;70;87;37;71;87;36;72;87;35;73;87;34;74;87;33;75;87;32;76;87;31;77;87;30;78;87;29;79;87;28;80;87;27;81;87;26;82;87;25;83;87;24;84;87;23;85;87;22;86;87;21;87;87;20;88;87;19;89;87;18;90;87;17;91;87;16;92;87;15;93;87;14;94;87;13;95;87;12;96;87;13;97;87;14;98;87;15;99;87;16;

0;86;108;1;86;107;2;86;106;3;86;105;4;86;104;5;86;103;6;86;102;7;86;101;8;86;100;9;86;99;10;86;98;11;86;97;12;86;96;13;86;95;14;86;94;15;86;93;16;86;92;17;86;91;18;86;90;19;86;89;20;86;88;21;86;87;22;86;86;23;86;85;24;86;84;25;86;83;26;86;82;27;86;81;28;86;80;29;86;79;30;86;78;31;86;77;32;86;76;33;86;75;34;86;74;35;86;73;36;86;72;37;86;71;38;86;70;39;86;69;40;86;68;41;86;67;42;86;66;43;86;65;44;86;64;45;86;63;46;86;62;47;86;61;48;86;60;49;86;59;50;86;58;51;86;57;52;86;56;53;86;55;54;86;54;55;86;53;56;86;52;57;86;51;58;86;50;59;86;49;60;86;48;61;86;47;62;86;46;63;86;45;64;86;44;65;86;43;66;86;42;67;86;41;68;86;40;69;86;39;70;86;38;71;86;37;72;86;36;73;86;35;74;86;34;75;86;33;76;86;32;77;86;31;78;86;30;79;86;29;80;86;28;81;86;27;82;86;26;83;86;25;84;86;24;85;86;23;86;86;22;87;86;21;88;86;20;89;86;19;90;86;18;91;86;17;92;86;16;93;86;15;94;86;14;95;86;13;96;86;14;97;86;15;98;86;16;99;86;17;

0;85;109;1;85;108;2;85;107;3;85;106;4;85;105;5;85;104;6;85;103;7;85;102;8;85;101;9;85;100;10;85;99;11;85;98;12;85;97;13;85;96;14;85;95;15;85;94;16;85;93;17;85;92;18;85;91;19;85;90;20;85;89;21;85;88;22;85;87;23;85;86;24;85;85;25;85;84;26;85;83;27;85;82;28;85;81;29;85;80;30;85;79;31;85;78;32;85;77;33;85;76;34;85;75;35;85;74;36;85;73;37;85;72;38;85;71;39;85;70;40;85;69;41;85;68;42;85;67;43;85;66;44;85;65;45;85;64;46;85;63;47;85;62;48;85;61;49;85;60;50;85;59;51;85;58;52;85;57;53;85;56;54;85;55;55;85;54;56;85;53;57;85;52;58;85;51;59;85;50;60;85;49;61;85;48;62;85;47;63;85;46;64;85;45;65;85;44;66;85;43;67;85;42;68;85;41;69;85;40;70;85;39;71;85;38;72;85;37;73;85;36;74;85;35;75;85;34;76;85;33;77;85;32;78;85;31;79;85;30;80;85;29;81;85;28;82;85;27;83;85;26;84;85;25;85;85;24;86;85;23;87;85;22;88;85;21;89;85;20;90;85;19;91;85;18;92;85;17;93;85;16;94;85;15;95;85;14;96;85;15;97;85;16;98;85;17;99;85;18;

0;84;110;1;84;109;2;84;108;3;84;107;4;84;106;5;84;105;6;84;104;7;84;103;8;84;102;9;84;101;10;84;100;11;84;99;12;84;98;13;84;97;14;84;96;15;84;95;16;84;94;17;84;93;18;84;92;19;84;91;20;84;90;21;84;89;22;84;88;23;84;87;24;84;86;25;84;85;26;84;84;27;84;83;28;84;82;29;84;81;30;84;80;31;84;79;32;84;78;33;84;77;34;84;76;35;84;75;36;84;74;37;84;73;38;84;72;39;84;71;40;84;70;41;84;69;42;84;68;43;84;67;44;84;66;45;84;65;46;84;64;47;84;63;48;84;62;49;84;61;50;84;60;51;84;59;52;84;58;53;84;57;54;84;56;55;84;55;56;84;54;57;84;53;58;84;52;59;84;51;60;84;50;61;84;49;62;84;48;63;84;47;64;84;46;65;84;45;66;84;44;67;84;43;68;84;42;69;84;41;70;84;40;71;84;39;72;84;38;73;84;37;74;84;36;75;84;35;76;84;34;77;84;33;78;84;32;79;84;31;80;84;30;81;84;29;82;84;28;83;84;27;84;84;26;85;84;25;86;84;24;87;84;23;88;84;22;89;84;21;90;84;20;91;84;19;92;84;18;93;84;17;94;84;16;95;84;15;96;84;16;97;84;17;98;84;18;99;84;19;

0;83;111;1;83;110;2;83;109;3;83;108;4;83;107;5;83;106;6;83;105;7;83;104;8;83;103;9;83;102;10;83;101;11;83;100;12;83;99;13;83;98;14;83;97;15;83;96;16;83;95;17;83;94;18;83;93;19;83;92;20;83;91;21;83;90;22;83;89;23;83;88;24;83;87;25;83;86;26;83;85;27;83;84;28;83;83;29;83;82;30;83;81;31;83;80;32;83;79;33;83;78;34;83;77;35;83;76;36;83;75;37;83;74;38;83;73;39;83;72;40;83;71;41;83;70;42;83;69;43;83;68;44;83;67;45;83;66;46;83;65;47;83;64;48;83;63;49;83;62;50;83;61;51;83;60;52;83;59;53;83;58;54;83;57;55;83;56;56;83;55;57;83;54;58;83;53;59;83;52;60;83;51;61;83;50;62;83;49;63;83;48;64;83;47;65;83;46;66;83;45;67;83;44;68;83;43;69;83;42;70;83;41;71;83;40;72;83;39;73;83;38;74;83;37;75;83;36;76;83;35;77;83;34;78;83;33;79;83;32;80;83;31;81;83;30;82;83;29;83;83;28;84;83;27;85;83;26;86;83;25;87;83;24;88;83;23;89;83;22;90;83;21;91;83;20;92;83;19;93;83;18;94;83;17;95;83;16;96;83;17;97;83;18;98;83;19;99;83;20;

0;82;112;1;82;111;2;82;110;3;82;109;4;82;108;5;82;107;6;82;106;7;82;105;8;82;104;9;82;103;10;82;102;11;82;101;12;82;100;13;82;99;14;82;98;15;82;97;16;82;96;17;82;95;18;82;94;19;82;93;20;82;92;21;82;91;22;82;90;23;82;89;24;82;88;25;82;87;26;82;86;27;82;85;28;82;84;29;82;83;30;82;82;31;82;81;32;82;80;33;82;79;34;82;78;35;82;77;36;82;76;37;82;75;38;82;74;39;82;73;40;82;72;41;82;71;42;82;70;43;82;69;44;82;68;45;82;67;46;82;66;47;82;65;48;82;64;49;82;63;50;82;62;51;82;61;52;82;60;53;82;59;54;82;58;55;82;57;56;82;56;57;82;55;58;82;54;59;82;53;60;82;52;61;82;51;62;82;50;63;82;49;64;82;48;65;82;47;66;82;46;67;82;45;68;82;44;69;82;43;70;82;42;71;82;41;72;82;40;73;82;39;74;82;38;75;82;37;76;82;36;77;82;35;78;82;34;79;82;33;80;82;32;81;82;31;82;82;30;83;82;29;84;82;28;85;82;27;86;82;26;87;82;25;88;82;24;89;82;23;90;82;22;91;82;21;92;82;20;93;82;19;94;82;18;95;82;17;96;82;18;97;82;19;98;82;20;99;82;21;

0;81;113;1;81;112;2;81;111;3;81;110;4;81;109;5;81;108;6;81;107;7;81;106;8;81;105;9;81;104;10;81;103;11;81;102;12;81;101;13;81;100;14;81;99;15;81;98;16;81;97;17;81;96;18;81;95;19;81;94;20;81;93;21;81;92;22;81;91;23;81;90;24;81;89;25;81;88;26;81;87;27;81;86;28;81;85;29;81;84;30;81;83;31;81;82;32;81;81;33;81;80;34;81;79;35;81;78;36;81;77;37;81;76;38;81;75;39;81;74;40;81;73;41;81;72;42;81;71;43;81;70;44;81;69;45;81;68;46;81;67;47;81;66;48;81;65;49;81;64;50;81;63;51;81;62;52;81;61;53;81;60;54;81;59;55;81;58;56;81;57;57;81;56;58;81;55;59;81;54;60;81;53;61;81;52;62;81;51;63;81;50;64;81;49;65;81;48;66;81;47;67;81;46;68;81;45;69;81;44;70;81;43;71;81;42;72;81;41;73;81;40;74;81;39;75;81;38;76;81;37;77;81;36;78;81;35;79;81;34;80;81;33;81;81;32;82;81;31;83;81;30;84;81;29;85;81;28;86;81;27;87;81;26;88;81;25;89;81;24;90;81;23;91;81;22;92;81;21;93;81;20;94;81;19;95;81;18;96;81;19;97;81;20;98;81;21;99;81;22;

0;80;114;1;80;113;2;80;112;3;80;111;4;80;110;5;80;109;6;80;108;7;80;107;8;80;106;9;80;105;10;80;104;11;80;103;12;80;102;13;80;101;14;80;100;15;80;99;16;80;98;17;80;97;18;80;96;19;80;95;20;80;94;21;80;93;22;80;92;23;80;91;24;80;90;25;80;89;26;80;88;27;80;87;28;80;86;29;80;85;30;80;84;31;80;83;32;80;82;33;80;81;34;80;80;35;80;79;36;80;78;37;80;77;38;80;76;39;80;75;40;80;74;41;80;73;42;80;72;43;80;71;44;80;70;45;80;69;46;80;68;47;80;67;48;80;66;49;80;65;50;80;64;51;80;63;52;80;62;53;80;61;54;80;60;55;80;59;56;80;58;57;80;57;58;80;56;59;80;55;60;80;54;61;80;53;62;80;52;63;80;51;64;80;50;65;80;49;66;80;48;67;80;47;68;80;46;69;80;45;70;80;44;71;80;43;72;80;42;73;80;41;74;80;40;75;80;39;76;80;38;77;80;37;78;80;36;79;80;35;80;80;34;81;80;33;82;80;32;83;80;31;84;80;30;85;80;29;86;80;28;87;80;27;88;80;26;89;80;25;90;80;24;91;80;23;92;80;22;93;80;21;94;80;20;95;80;19;96;80;20;97;80;21;98;80;22;99;80;23;

0;79;115;1;79;114;2;79;113;3;79;112;4;79;111;5;79;110;6;79;109;7;79;108;8;79;107;9;79;106;10;79;105;11;79;104;12;79;103;13;79;102;14;79;101;15;79;100;16;79;99;17;79;98;18;79;97;19;79;96;20;79;95;21;79;94;22;79;93;23;79;92;24;79;91;25;79;90;26;79;89;27;79;88;28;79;87;29;79;86;30;79;85;31;79;84;32;79;83;33;79;82;34;79;81;35;79;80;36;79;79;37;79;78;38;79;77;39;79;76;40;79;75;41;79;74;42;79;73;43;79;72;44;79;71;45;79;70;46;79;69;47;79;68;48;79;67;49;79;66;50;79;65;51;79;64;52;79;63;53;79;62;54;79;61;55;79;60;56;79;59;57;79;58;58;79;57;59;79;56;60;79;55;61;79;54;62;79;53;63;79;52;64;79;51;65;79;50;66;79;49;67;79;48;68;79;47;69;79;46;70;79;45;71;79;44;72;79;43;73;79;42;74;79;41;75;79;40;76;79;39;77;79;38;78;79;37;79;79;36;80;79;35;81;79;34;82;79;33;83;79;32;84;79;31;85;79;30;86;79;29;87;79;28;88;79;27;89;79;26;90;79;25;91;79;24;92;79;23;93;79;22;94;79;21;95;79;20;96;79;21;97;79;22;98;79;23;99;79;24;

0;78;116;1;78;115;2;78;114;3;78;113;4;78;112;5;78;111;6;78;110;7;78;109;8;78;108;9;78;107;10;78;106;11;78;105;12;78;104;13;78;103;14;78;102;15;78;101;16;78;100;17;78;99;18;78;98;19;78;97;20;78;96;21;78;95;22;78;94;23;78;93;24;78;92;25;78;91;26;78;90;27;78;89;28;78;88;29;78;87;30;78;86;31;78;85;32;78;84;33;78;83;34;78;82;35;78;81;36;78;80;37;78;79;38;78;78;39;78;77;40;78;76;41;78;75;42;78;74;43;78;73;44;78;72;45;78;71;46;78;70;47;78;69;48;78;68;49;78;67;50;78;66;51;78;65;52;78;64;53;78;63;54;78;62;55;78;61;56;78;60;57;78;59;58;78;58;59;78;57;60;78;56;61;78;55;62;78;54;63;78;53;64;78;52;65;78;51;66;78;50;67;78;49;68;78;48;69;78;47;70;78;46;71;78;45;72;78;44;73;78;43;74;78;42;75;78;41;76;78;40;77;78;39;78;78;38;79;78;37;80;78;36;81;78;35;82;78;34;83;78;33;84;78;32;85;78;31;86;78;30;87;78;29;88;78;28;89;78;27;90;78;26;91;78;25;92;78;24;93;78;23;94;78;22;95;78;21;96;78;22;97;78;23;98;78;24;99;78;25;

0;77;117;1;77;116;2;77;115;3;77;114;4;77;113;5;77;112;6;77;111;7;77;110;8;77;109;9;77;108;10;77;107;11;77;106;12;77;105;13;77;104;14;77;103;15;77;102;16;77;101;17;77;100;18;77;99;19;77;98;20;77;97;21;77;96;22;77;95;23;77;94;24;77;93;25;77;92;26;77;91;27;77;90;28;77;89;29;77;88;30;77;87;31;77;86;32;77;85;33;77;84;34;77;83;35;77;82;36;77;81;37;77;80;38;77;79;39;77;78;40;77;77;41;77;76;42;77;75;43;77;74;44;77;73;45;77;72;46;77;71;47;77;70;48;77;69;49;77;68;50;77;67;51;77;66;52;77;65;53;77;64;54;77;63;55;77;62;56;77;61;57;77;60;58;77;59;59;77;58;60;77;57;61;77;56;62;77;55;63;77;54;64;77;53;65;77;52;66;77;51;67;77;50;68;77;49;69;77;48;70;77;47;71;77;46;72;77;45;73;77;44;74;77;43;75;77;42;76;77;41;77;77;40;78;77;39;79;77;38;80;77;37;81;77;36;82;77;35;83;77;34;84;77;33;85;77;32;86;77;31;87;77;30;88;77;29;89;77;28;90;77;27;91;77;26;92;77;25;93;77;24;94;77;23;95;77;22;96;77;23;97;77;24;98;77;25;99;77;26;

0;76;118;1;76;117;2;76;116;3;76;115;4;76;114;5;76;113;6;76;112;7;76;111;8;76;110;9;76;109;10;76;108;11;76;107;12;76;106;13;76;105;14;76;104;15;76;103;16;76;102;17;76;101;18;76;100;19;76;99;20;76;98;21;76;97;22;76;96;23;76;95;24;76;94;25;76;93;26;76;92;27;76;91;28;76;90;29;76;89;30;76;88;31;76;87;32;76;86;33;76;85;34;76;84;35;76;83;36;76;82;37;76;81;38;76;80;39;76;79;40;76;78;41;76;77;42;76;76;43;76;75;44;76;74;45;76;73;46;76;72;47;76;71;48;76;70;49;76;69;50;76;68;51;76;67;52;76;66;53;76;65;54;76;64;55;76;63;56;76;62;57;76;61;58;76;60;59;76;59;60;76;58;61;76;57;62;76;56;63;76;55;64;76;54;65;76;53;66;76;52;67;76;51;68;76;50;69;76;49;70;76;48;71;76;47;72;76;46;73;76;45;74;76;44;75;76;43;76;76;42;77;76;41;78;76;40;79;76;39;80;76;38;81;76;37;82;76;36;83;76;35;84;76;34;85;76;33;86;76;32;87;76;31;88;76;30;89;76;29;90;76;28;91;76;27;92;76;26;93;76;25;94;76;24;95;76;23;96;76;24;97;76;25;98;76;26;99;76;27;

0;75;119;1;75;118;2;75;117;3;75;116;4;75;115;5;75;114;6;75;113;7;75;112;8;75;111;9;75;110;10;75;109;11;75;108;12;75;107;13;75;106;14;75;105;15;75;104;16;75;103;17;75;102;18;75;101;19;75;100;20;75;99;21;75;98;22;75;97;23;75;96;24;75;95;25;75;94;26;75;93;27;75;92;28;75;91;29;75;90;30;75;89;31;75;88;32;75;87;33;75;86;34;75;85;35;75;84;36;75;83;37;75;82;38;75;81;39;75;80;40;75;79;41;75;78;42;75;77;43;75;76;44;75;75;45;75;74;46;75;73;47;75;72;48;75;71;49;75;70;50;75;69;51;75;68;52;75;67;53;75;66;54;75;65;55;75;64;56;75;63;57;75;62;58;75;61;59;75;60;60;75;59;61;75;58;62;75;57;63;75;56;64;75;55;65;75;54;66;75;53;67;75;52;68;75;51;69;75;50;70;75;49;71;75;48;72;75;47;73;75;46;74;75;45;75;75;44;76;75;43;77;75;42;78;75;41;79;75;40;80;75;39;81;75;38;82;75;37;83;75;36;84;75;35;85;75;34;86;75;33;87;75;32;88;75;31;89;75;30;90;75;29;91;75;28;92;75;27;93;75;26;94;75;25;95;75;24;96;75;25;97;75;26;98;75;27;99;75;28;

0;74;120;1;74;119;2;74;118;3;74;117;4;74;116;5;74;115;6;74;114;7;74;113;8;74;112;9;74;111;10;74;110;11;74;109;12;74;108;13;74;107;14;74;106;15;74;105;16;74;104;17;74;103;18;74;102;19;74;101;20;74;100;21;74;99;22;74;98;23;74;97;24;74;96;25;74;95;26;74;94;27;74;93;28;74;92;29;74;91;30;74;90;31;74;89;32;74;88;33;74;87;34;74;86;35;74;85;36;74;84;37;74;83;38;74;82;39;74;81;40;74;80;41;74;79;42;74;78;43;74;77;44;74;76;45;74;75;46;74;74;47;74;73;48;74;72;49;74;71;50;74;70;51;74;69;52;74;68;53;74;67;54;74;66;55;74;65;56;74;64;57;74;63;58;74;62;59;74;61;60;74;60;61;74;59;62;74;58;63;74;57;64;74;56;65;74;55;66;74;54;67;74;53;68;74;52;69;74;51;70;74;50;71;74;49;72;74;48;73;74;47;74;74;46;75;74;45;76;74;44;77;74;43;78;74;42;79;74;41;80;74;40;81;74;39;82;74;38;83;74;37;84;74;36;85;74;35;86;74;34;87;74;33;88;74;32;89;74;31;90;74;30;91;74;29;92;74;28;93;74;27;94;74;26;95;74;25;96;74;26;97;74;27;98;74;28;99;74;29;

0;73;121;1;73;120;2;73;119;3;73;118;4;73;117;5;73;116;6;73;115;7;73;114;8;73;113;9;73;112;10;73;111;11;73;110;12;73;109;13;73;108;14;73;107;15;73;106;16;73;105;17;73;104;18;73;103;19;73;102;20;73;101;21;73;100;22;73;99;23;73;98;24;73;97;25;73;96;26;73;95;27;73;94;28;73;93;29;73;92;30;73;91;31;73;90;32;73;89;33;73;88;34;73;87;35;73;86;36;73;85;37;73;84;38;73;83;39;73;82;40;73;81;41;73;80;42;73;79;43;73;78;44;73;77;45;73;76;46;73;75;47;73;74;48;73;73;49;73;72;50;73;71;51;73;70;52;73;69;53;73;68;54;73;67;55;73;66;56;73;65;57;73;64;58;73;63;59;73;62;60;73;61;61;73;60;62;73;59;63;73;58;64;73;57;65;73;56;66;73;55;67;73;54;68;73;53;69;73;52;70;73;51;71;73;50;72;73;49;73;73;48;74;73;47;75;73;46;76;73;45;77;73;44;78;73;43;79;73;42;80;73;41;81;73;40;82;73;39;83;73;38;84;73;37;85;73;36;86;73;35;87;73;34;88;73;33;89;73;32;90;73;31;91;73;30;92;73;29;93;73;28;94;73;27;95;73;26;96;73;27;97;73;28;98;73;29;99;73;30;

0;72;122;1;72;121;2;72;120;3;72;119;4;72;118;5;72;117;6;72;116;7;72;115;8;72;114;9;72;113;10;72;112;11;72;111;12;72;110;13;72;109;14;72;108;15;72;107;16;72;106;17;72;105;18;72;104;19;72;103;20;72;102;21;72;101;22;72;100;23;72;99;24;72;98;25;72;97;26;72;96;27;72;95;28;72;94;29;72;93;30;72;92;31;72;91;32;72;90;33;72;89;34;72;88;35;72;87;36;72;86;37;72;85;38;72;84;39;72;83;40;72;82;41;72;81;42;72;80;43;72;79;44;72;78;45;72;77;46;72;76;47;72;75;48;72;74;49;72;73;50;72;72;51;72;71;52;72;70;53;72;69;54;72;68;55;72;67;56;72;66;57;72;65;58;72;64;59;72;63;60;72;62;61;72;61;62;72;60;63;72;59;64;72;58;65;72;57;66;72;56;67;72;55;68;72;54;69;72;53;70;72;52;71;72;51;72;72;50;73;72;49;74;72;48;75;72;47;76;72;46;77;72;45;78;72;44;79;72;43;80;72;42;81;72;41;82;72;40;83;72;39;84;72;38;85;72;37;86;72;36;87;72;35;88;72;34;89;72;33;90;72;32;91;72;31;92;72;30;93;72;29;94;72;28;95;72;27;96;72;28;97;72;29;98;72;30;99;72;31;

0;71;123;1;71;122;2;71;121;3;71;120;4;71;119;5;71;118;6;71;117;7;71;116;8;71;115;9;71;114;10;71;113;11;71;112;12;71;111;13;71;110;14;71;109;15;71;108;16;71;107;17;71;106;18;71;105;19;71;104;20;71;103;21;71;102;22;71;101;23;71;100;24;71;99;25;71;98;26;71;97;27;71;96;28;71;95;29;71;94;30;71;93;31;71;92;32;71;91;33;71;90;34;71;89;35;71;88;36;71;87;37;71;86;38;71;85;39;71;84;40;71;83;41;71;82;42;71;81;43;71;80;44;71;79;45;71;78;46;71;77;47;71;76;48;71;75;49;71;74;50;71;73;51;71;72;52;71;71;53;71;70;54;71;69;55;71;68;56;71;67;57;71;66;58;71;65;59;71;64;60;71;63;61;71;62;62;71;61;63;71;60;64;71;59;65;71;58;66;71;57;67;71;56;68;71;55;69;71;54;70;71;53;71;71;52;72;71;51;73;71;50;74;71;49;75;71;48;76;71;47;77;71;46;78;71;45;79;71;44;80;71;43;81;71;42;82;71;41;83;71;40;84;71;39;85;71;38;86;71;37;87;71;36;88;71;35;89;71;34;90;71;33;91;71;32;92;71;31;93;71;30;94;71;29;95;71;28;96;71;29;97;71;30;98;71;31;99;71;32;

0;70;124;1;70;123;2;70;122;3;70;121;4;70;120;5;70;119;6;70;118;7;70;117;8;70;116;9;70;115;10;70;114;11;70;113;12;70;112;13;70;111;14;70;110;15;70;109;16;70;108;17;70;107;18;70;106;19;70;105;20;70;104;21;70;103;22;70;102;23;70;101;24;70;100;25;70;99;26;70;98;27;70;97;28;70;96;29;70;95;30;70;94;31;70;93;32;70;92;33;70;91;34;70;90;35;70;89;36;70;88;37;70;87;38;70;86;39;70;85;40;70;84;41;70;83;42;70;82;43;70;81;44;70;80;45;70;79;46;70;78;47;70;77;48;70;76;49;70;75;50;70;74;51;70;73;52;70;72;53;70;71;54;70;70;55;70;69;56;70;68;57;70;67;58;70;66;59;70;65;60;70;64;61;70;63;62;70;62;63;70;61;64;70;60;65;70;59;66;70;58;67;70;57;68;70;56;69;70;55;70;70;54;71;70;53;72;70;52;73;70;51;74;70;50;75;70;49;76;70;48;77;70;47;78;70;46;79;70;45;80;70;44;81;70;43;82;70;42;83;70;41;84;70;40;85;70;39;86;70;38;87;70;37;88;70;36;89;70;35;90;70;34;91;70;33;92;70;32;93;70;31;94;70;30;95;70;29;96;70;30;97;70;31;98;70;32;99;70;33;

0;69;125;1;69;124;2;69;123;3;69;122;4;69;121;5;69;120;6;69;119;7;69;118;8;69;117;9;69;116;10;69;115;11;69;114;12;69;113;13;69;112;14;69;111;15;69;110;16;69;109;17;69;108;18;69;107;19;69;106;20;69;105;21;69;104;22;69;103;23;69;102;24;69;101;25;69;100;26;69;99;27;69;98;28;69;97;29;69;96;30;69;95;31;69;94;32;69;93;33;69;92;34;69;91;35;69;90;36;69;89;37;69;88;38;69;87;39;69;86;40;69;85;41;69;84;42;69;83;43;69;82;44;69;81;45;69;80;46;69;79;47;69;78;48;69;77;49;69;76;50;69;75;51;69;74;52;69;73;53;69;72;54;69;71;55;69;70;56;69;69;57;69;68;58;69;67;59;69;66;60;69;65;61;69;64;62;69;63;63;69;62;64;69;61;65;69;60;66;69;59;67;69;58;68;69;57;69;69;56;70;69;55;71;69;54;72;69;53;73;69;52;74;69;51;75;69;50;76;69;49;77;69;48;78;69;47;79;69;46;80;69;45;81;69;44;82;69;43;83;69;42;84;69;41;85;69;40;86;69;39;87;69;38;88;69;37;89;69;36;90;69;35;91;69;34;92;69;33;93;69;32;94;69;31;95;69;30;96;69;31;97;69;32;98;69;33;99;69;34;

0;68;126;1;68;125;2;68;124;3;68;123;4;68;122;5;68;121;6;68;120;7;68;119;8;68;118;9;68;117;10;68;116;11;68;115;12;68;114;13;68;113;14;68;112;15;68;111;16;68;110;17;68;109;18;68;108;19;68;107;20;68;106;21;68;105;22;68;104;23;68;103;24;68;102;25;68;101;26;68;100;27;68;99;28;68;98;29;68;97;30;68;96;31;68;95;32;68;94;33;68;93;34;68;92;35;68;91;36;68;90;37;68;89;38;68;88;39;68;87;40;68;86;41;68;85;42;68;84;43;68;83;44;68;82;45;68;81;46;68;80;47;68;79;48;68;78;49;68;77;50;68;76;51;68;75;52;68;74;53;68;73;54;68;72;55;68;71;56;68;70;57;68;69;58;68;68;59;68;67;60;68;66;61;68;65;62;68;64;63;68;63;64;68;62;65;68;61;66;68;60;67;68;59;68;68;58;69;68;57;70;68;56;71;68;55;72;68;54;73;68;53;74;68;52;75;68;51;76;68;50;77;68;49;78;68;48;79;68;47;80;68;46;81;68;45;82;68;44;83;68;43;84;68;42;85;68;41;86;68;40;87;68;39;88;68;38;89;68;37;90;68;36;91;68;35;92;68;34;93;68;33;94;68;32;95;68;31;96;68;32;97;68;33;98;68;34;99;68;35;

0;67;127;1;67;126;2;67;125;3;67;124;4;67;123;5;67;122;6;67;121;7;67;120;8;67;119;9;67;118;10;67;117;11;67;116;12;67;115;13;67;114;14;67;113;15;67;112;16;67;111;17;67;110;18;67;109;19;67;108;20;67;107;21;67;106;22;67;105;23;67;104;24;67;103;25;67;102;26;67;101;27;67;100;28;67;99;29;67;98;30;67;97;31;67;96;32;67;95;33;67;94;34;67;93;35;67;92;36;67;91;37;67;90;38;67;89;39;67;88;40;67;87;41;67;86;42;67;85;43;67;84;44;67;83;45;67;82;46;67;81;47;67;80;48;67;79;49;67;78;50;67;77;51;67;76;52;67;75;53;67;74;54;67;73;55;67;72;56;67;71;57;67;70;58;67;69;59;67;68;60;67;67;61;67;66;62;67;65;63;67;64;64;67;63;65;67;62;66;67;61;67;67;60;68;67;59;69;67;58;70;67;57;71;67;56;72;67;55;73;67;54;74;67;53;75;67;52;76;67;51;77;67;50;78;67;49;79;67;48;80;67;47;81;67;46;82;67;45;83;67;44;84;67;43;85;67;42;86;67;41;87;67;40;88;67;39;89;67;38;90;67;37;91;67;36;92;67;35;93;67;34;94;67;33;95;67;32;96;67;33;97;67;34;98;67;35;99;67;36;

0;66;128;1;66;127;2;66;126;3;66;125;4;66;124;5;66;123;6;66;122;7;66;121;8;66;120;9;66;119;10;66;118;11;66;117;12;66;116;13;66;115;14;66;114;15;66;113;16;66;112;17;66;111;18;66;110;19;66;109;20;66;108;21;66;107;22;66;106;23;66;105;24;66;104;25;66;103;26;66;102;27;66;101;28;66;100;29;66;99;30;66;98;31;66;97;32;66;96;33;66;95;34;66;94;35;66;93;36;66;92;37;66;91;38;66;90;39;66;89;40;66;88;41;66;87;42;66;86;43;66;85;44;66;84;45;66;83;46;66;82;47;66;81;48;66;80;49;66;79;50;66;78;51;66;77;52;66;76;53;66;75;54;66;74;55;66;73;56;66;72;57;66;71;58;66;70;59;66;69;60;66;68;61;66;67;62;66;66;63;66;65;64;66;64;65;66;63;66;66;62;67;66;61;68;66;60;69;66;59;70;66;58;71;66;57;72;66;56;73;66;55;74;66;54;75;66;53;76;66;52;77;66;51;78;66;50;79;66;49;80;66;48;81;66;47;82;66;46;83;66;45;84;66;44;85;66;43;86;66;42;87;66;41;88;66;40;89;66;39;90;66;38;91;66;37;92;66;36;93;66;35;94;66;34;95;66;33;96;66;34;97;66;35;98;66;36;99;66;37;

0;65;129;1;65;128;2;65;127;3;65;126;4;65;125;5;65;124;6;65;123;7;65;122;8;65;121;9;65;120;10;65;119;11;65;118;12;65;117;13;65;116;14;65;115;15;65;114;16;65;113;17;65;112;18;65;111;19;65;110;20;65;109;21;65;108;22;65;107;23;65;106;24;65;105;25;65;104;26;65;103;27;65;102;28;65;101;29;65;100;30;65;99;31;65;98;32;65;97;33;65;96;34;65;95;35;65;94;36;65;93;37;65;92;38;65;91;39;65;90;40;65;89;41;65;88;42;65;87;43;65;86;44;65;85;45;65;84;46;65;83;47;65;82;48;65;81;49;65;80;50;65;79;51;65;78;52;65;77;53;65;76;54;65;75;55;65;74;56;65;73;57;65;72;58;65;71;59;65;70;60;65;69;61;65;68;62;65;67;63;65;66;64;65;65;65;65;64;66;65;63;67;65;62;68;65;61;69;65;60;70;65;59;71;65;58;72;65;57;73;65;56;74;65;55;75;65;54;76;65;53;77;65;52;78;65;51;79;65;50;80;65;49;81;65;48;82;65;47;83;65;46;84;65;45;85;65;44;86;65;43;87;65;42;88;65;41;89;65;40;90;65;39;91;65;38;92;65;37;93;65;36;94;65;35;95;65;34;96;65;35;97;65;36;98;65;37;99;65;38;

0;64;130;1;64;129;2;64;128;3;64;127;4;64;126;5;64;125;6;64;124;7;64;123;8;64;122;9;64;121;10;64;120;11;64;119;12;64;118;13;64;117;14;64;116;15;64;115;16;64;114;17;64;113;18;64;112;19;64;111;20;64;110;21;64;109;22;64;108;23;64;107;24;64;106;25;64;105;26;64;104;27;64;103;28;64;102;29;64;101;30;64;100;31;64;99;32;64;98;33;64;97;34;64;96;35;64;95;36;64;94;37;64;93;38;64;92;39;64;91;40;64;90;41;64;89;42;64;88;43;64;87;44;64;86;45;64;85;46;64;84;47;64;83;48;64;82;49;64;81;50;64;80;51;64;79;52;64;78;53;64;77;54;64;76;55;64;75;56;64;74;57;64;73;58;64;72;59;64;71;60;64;70;61;64;69;62;64;68;63;64;67;64;64;66;65;64;65;66;64;64;67;64;63;68;64;62;69;64;61;70;64;60;71;64;59;72;64;58;73;64;57;74;64;56;75;64;55;76;64;54;77;64;53;78;64;52;79;64;51;80;64;50;81;64;49;82;64;48;83;64;47;84;64;46;85;64;45;86;64;44;87;64;43;88;64;42;89;64;41;90;64;40;91;64;39;92;64;38;93;64;37;94;64;36;95;64;35;96;64;36;97;64;37;98;64;38;99;64;39;

0;63;131;1;63;130;2;63;129;3;63;128;4;63;127;5;63;126;6;63;125;7;63;124;8;63;123;9;63;122;10;63;121;11;63;120;12;63;119;13;63;118;14;63;117;15;63;116;16;63;115;17;63;114;18;63;113;19;63;112;20;63;111;21;63;110;22;63;109;23;63;108;24;63;107;25;63;106;26;63;105;27;63;104;28;63;103;29;63;102;30;63;101;31;63;100;32;63;99;33;63;98;34;63;97;35;63;96;36;63;95;37;63;94;38;63;93;39;63;92;40;63;91;41;63;90;42;63;89;43;63;88;44;63;87;45;63;86;46;63;85;47;63;84;48;63;83;49;63;82;50;63;81;51;63;80;52;63;79;53;63;78;54;63;77;55;63;76;56;63;75;57;63;74;58;63;73;59;63;72;60;63;71;61;63;70;62;63;69;63;63;68;64;63;67;65;63;66;66;63;65;67;63;64;68;63;63;69;63;62;70;63;61;71;63;60;72;63;59;73;63;58;74;63;57;75;63;56;76;63;55;77;63;54;78;63;53;79;63;52;80;63;51;81;63;50;82;63;49;83;63;48;84;63;47;85;63;46;86;63;45;87;63;44;88;63;43;89;63;42;90;63;41;91;63;40;92;63;39;93;63;38;94;63;37;95;63;36;96;63;37;97;63;38;98;63;39;99;63;40;

0;62;132;1;62;131;2;62;130;3;62;129;4;62;128;5;62;127;6;62;126;7;62;125;8;62;124;9;62;123;10;62;122;11;62;121;12;62;120;13;62;119;14;62;118;15;62;117;16;62;116;17;62;115;18;62;114;19;62;113;20;62;112;21;62;111;22;62;110;23;62;109;24;62;108;25;62;107;26;62;106;27;62;105;28;62;104;29;62;103;30;62;102;31;62;101;32;62;100;33;62;99;34;62;98;35;62;97;36;62;96;37;62;95;38;62;94;39;62;93;40;62;92;41;62;91;42;62;90;43;62;89;44;62;88;45;62;87;46;62;86;47;62;85;48;62;84;49;62;83;50;62;82;51;62;81;52;62;80;53;62;79;54;62;78;55;62;77;56;62;76;57;62;75;58;62;74;59;62;73;60;62;72;61;62;71;62;62;70;63;62;69;64;62;68;65;62;67;66;62;66;67;62;65;68;62;64;69;62;63;70;62;62;71;62;61;72;62;60;73;62;59;74;62;58;75;62;57;76;62;56;77;62;55;78;62;54;79;62;53;80;62;52;81;62;51;82;62;50;83;62;49;84;62;48;85;62;47;86;62;46;87;62;45;88;62;44;89;62;43;90;62;42;91;62;41;92;62;40;93;62;39;94;62;38;95;62;37;96;62;38;97;62;39;98;62;40;99;62;41;

0;61;133;1;61;132;2;61;131;3;61;130;4;61;129;5;61;128;6;61;127;7;61;126;8;61;125;9;61;124;10;61;123;11;61;122;12;61;121;13;61;120;14;61;119;15;61;118;16;61;117;17;61;116;18;61;115;19;61;114;20;61;113;21;61;112;22;61;111;23;61;110;24;61;109;25;61;108;26;61;107;27;61;106;28;61;105;29;61;104;30;61;103;31;61;102;32;61;101;33;61;100;34;61;99;35;61;98;36;61;97;37;61;96;38;61;95;39;61;94;40;61;93;41;61;92;42;61;91;43;61;90;44;61;89;45;61;88;46;61;87;47;61;86;48;61;85;49;61;84;50;61;83;51;61;82;52;61;81;53;61;80;54;61;79;55;61;78;56;61;77;57;61;76;58;61;75;59;61;74;60;61;73;61;61;72;62;61;71;63;61;70;64;61;69;65;61;68;66;61;67;67;61;66;68;61;65;69;61;64;70;61;63;71;61;62;72;61;61;73;61;60;74;61;59;75;61;58;76;61;57;77;61;56;78;61;55;79;61;54;80;61;53;81;61;52;82;61;51;83;61;50;84;61;49;85;61;48;86;61;47;87;61;46;88;61;45;89;61;44;90;61;43;91;61;42;92;61;41;93;61;40;94;61;39;95;61;38;96;61;39;97;61;40;98;61;41;99;61;42;

0;60;134;1;60;133;2;60;132;3;60;131;4;60;130;5;60;129;6;60;128;7;60;127;8;60;126;9;60;125;10;60;124;11;60;123;12;60;122;13;60;121;14;60;120;15;60;119;16;60;118;17;60;117;18;60;116;19;60;115;20;60;114;21;60;113;22;60;112;23;60;111;24;60;110;25;60;109;26;60;108;27;60;107;28;60;106;29;60;105;30;60;104;31;60;103;32;60;102;33;60;101;34;60;100;35;60;99;36;60;98;37;60;97;38;60;96;39;60;95;40;60;94;41;60;93;42;60;92;43;60;91;44;60;90;45;60;89;46;60;88;47;60;87;48;60;86;49;60;85;50;60;84;51;60;83;52;60;82;53;60;81;54;60;80;55;60;79;56;60;78;57;60;77;58;60;76;59;60;75;60;60;74;61;60;73;62;60;72;63;60;71;64;60;70;65;60;69;66;60;68;67;60;67;68;60;66;69;60;65;70;60;64;71;60;63;72;60;62;73;60;61;74;60;60;75;60;59;76;60;58;77;60;57;78;60;56;79;60;55;80;60;54;81;60;53;82;60;52;83;60;51;84;60;50;85;60;49;86;60;48;87;60;47;88;60;46;89;60;45;90;60;44;91;60;43;92;60;42;93;60;41;94;60;40;95;60;39;96;60;40;97;60;41;98;60;42;99;60;43;

0;59;135;1;59;134;2;59;133;3;59;132;4;59;131;5;59;130;6;59;129;7;59;128;8;59;127;9;59;126;10;59;125;11;59;124;12;59;123;13;59;122;14;59;121;15;59;120;16;59;119;17;59;118;18;59;117;19;59;116;20;59;115;21;59;114;22;59;113;23;59;112;24;59;111;25;59;110;26;59;109;27;59;108;28;59;107;29;59;106;30;59;105;31;59;104;32;59;103;33;59;102;34;59;101;35;59;100;36;59;99;37;59;98;38;59;97;39;59;96;40;59;95;41;59;94;42;59;93;43;59;92;44;59;91;45;59;90;46;59;89;47;59;88;48;59;87;49;59;86;50;59;85;51;59;84;52;59;83;53;59;82;54;59;81;55;59;80;56;59;79;57;59;78;58;59;77;59;59;76;60;59;75;61;59;74;62;59;73;63;59;72;64;59;71;65;59;70;66;59;69;67;59;68;68;59;67;69;59;66;70;59;65;71;59;64;72;59;63;73;59;62;74;59;61;75;59;60;76;59;59;77;59;58;78;59;57;79;59;56;80;59;55;81;59;54;82;59;53;83;59;52;84;59;51;85;59;50;86;59;49;87;59;48;88;59;47;89;59;46;90;59;45;91;59;44;92;59;43;93;59;42;94;59;41;95;59;40;96;59;41;97;59;42;98;59;43;99;59;44;

0;58;136;1;58;135;2;58;134;3;58;133;4;58;132;5;58;131;6;58;130;7;58;129;8;58;128;9;58;127;10;58;126;11;58;125;12;58;124;13;58;123;14;58;122;15;58;121;16;58;120;17;58;119;18;58;118;19;58;117;20;58;116;21;58;115;22;58;114;23;58;113;24;58;112;25;58;111;26;58;110;27;58;109;28;58;108;29;58;107;30;58;106;31;58;105;32;58;104;33;58;103;34;58;102;35;58;101;36;58;100;37;58;99;38;58;98;39;58;97;40;58;96;41;58;95;42;58;94;43;58;93;44;58;92;45;58;91;46;58;90;47;58;89;48;58;88;49;58;87;50;58;86;51;58;85;52;58;84;53;58;83;54;58;82;55;58;81;56;58;80;57;58;79;58;58;78;59;58;77;60;58;76;61;58;75;62;58;74;63;58;73;64;58;72;65;58;71;66;58;70;67;58;69;68;58;68;69;58;67;70;58;66;71;58;65;72;58;64;73;58;63;74;58;62;75;58;61;76;58;60;77;58;59;78;58;58;79;58;57;80;58;56;81;58;55;82;58;54;83;58;53;84;58;52;85;58;51;86;58;50;87;58;49;88;58;48;89;58;47;90;58;46;91;58;45;92;58;44;93;58;43;94;58;42;95;58;41;96;58;42;97;58;43;98;58;44;99;58;45;

0;57;137;1;57;136;2;57;135;3;57;134;4;57;133;5;57;132;6;57;131;7;57;130;8;57;129;9;57;128;10;57;127;11;57;126;12;57;125;13;57;124;14;57;123;15;57;122;16;57;121;17;57;120;18;57;119;19;57;118;20;57;117;21;57;116;22;57;115;23;57;114;24;57;113;25;57;112;26;57;111;27;57;110;28;57;109;29;57;108;30;57;107;31;57;106;32;57;105;33;57;104;34;57;103;35;57;102;36;57;101;37;57;100;38;57;99;39;57;98;40;57;97;41;57;96;42;57;95;43;57;94;44;57;93;45;57;92;46;57;91;47;57;90;48;57;89;49;57;88;50;57;87;51;57;86;52;57;85;53;57;84;54;57;83;55;57;82;56;57;81;57;57;80;58;57;79;59;57;78;60;57;77;61;57;76;62;57;75;63;57;74;64;57;73;65;57;72;66;57;71;67;57;70;68;57;69;69;57;68;70;57;67;71;57;66;72;57;65;73;57;64;74;57;63;75;57;62;76;57;61;77;57;60;78;57;59;79;57;58;80;57;57;81;57;56;82;57;55;83;57;54;84;57;53;85;57;52;86;57;51;87;57;50;88;57;49;89;57;48;90;57;47;91;57;46;92;57;45;93;57;44;94;57;43;95;57;42;96;57;43;97;57;44;98;57;45;99;57;46;

0;56;138;1;56;137;2;56;136;3;56;135;4;56;134;5;56;133;6;56;132;7;56;131;8;56;130;9;56;129;10;56;128;11;56;127;12;56;126;13;56;125;14;56;124;15;56;123;16;56;122;17;56;121;18;56;120;19;56;119;20;56;118;21;56;117;22;56;116;23;56;115;24;56;114;25;56;113;26;56;112;27;56;111;28;56;110;29;56;109;30;56;108;31;56;107;32;56;106;33;56;105;34;56;104;35;56;103;36;56;102;37;56;101;38;56;100;39;56;99;40;56;98;41;56;97;42;56;96;43;56;95;44;56;94;45;56;93;46;56;92;47;56;91;48;56;90;49;56;89;50;56;88;51;56;87;52;56;86;53;56;85;54;56;84;55;56;83;56;56;82;57;56;81;58;56;80;59;56;79;60;56;78;61;56;77;62;56;76;63;56;75;64;56;74;65;56;73;66;56;72;67;56;71;68;56;70;69;56;69;70;56;68;71;56;67;72;56;66;73;56;65;74;56;64;75;56;63;76;56;62;77;56;61;78;56;60;79;56;59;80;56;58;81;56;57;82;56;56;83;56;55;84;56;54;85;56;53;86;56;52;87;56;51;88;56;50;89;56;49;90;56;48;91;56;47;92;56;46;93;56;45;94;56;44;95;56;43;96;56;44;97;56;45;98;56;46;99;56;47;

0;55;139;1;55;138;2;55;137;3;55;136;4;55;135;5;55;134;6;55;133;7;55;132;8;55;131;9;55;130;10;55;129;11;55;128;12;55;127;13;55;126;14;55;125;15;55;124;16;55;123;17;55;122;18;55;121;19;55;120;20;55;119;21;55;118;22;55;117;23;55;116;24;55;115;25;55;114;26;55;113;27;55;112;28;55;111;29;55;110;30;55;109;31;55;108;32;55;107;33;55;106;34;55;105;35;55;104;36;55;103;37;55;102;38;55;101;39;55;100;40;55;99;41;55;98;42;55;97;43;55;96;44;55;95;45;55;94;46;55;93;47;55;92;48;55;91;49;55;90;50;55;89;51;55;88;52;55;87;53;55;86;54;55;85;55;55;84;56;55;83;57;55;82;58;55;81;59;55;80;60;55;79;61;55;78;62;55;77;63;55;76;64;55;75;65;55;74;66;55;73;67;55;72;68;55;71;69;55;70;70;55;69;71;55;68;72;55;67;73;55;66;74;55;65;75;55;64;76;55;63;77;55;62;78;55;61;79;55;60;80;55;59;81;55;58;82;55;57;83;55;56;84;55;55;85;55;54;86;55;53;87;55;52;88;55;51;89;55;50;90;55;49;91;55;48;92;55;47;93;55;46;94;55;45;95;55;44;96;55;45;97;55;46;98;55;47;99;55;48;

0;54;140;1;54;139;2;54;138;3;54;137;4;54;136;5;54;135;6;54;134;7;54;133;8;54;132;9;54;131;10;54;130;11;54;129;12;54;128;13;54;127;14;54;126;15;54;125;16;54;124;17;54;123;18;54;122;19;54;121;20;54;120;21;54;119;22;54;118;23;54;117;24;54;116;25;54;115;26;54;114;27;54;113;28;54;112;29;54;111;30;54;110;31;54;109;32;54;108;33;54;107;34;54;106;35;54;105;36;54;104;37;54;103;38;54;102;39;54;101;40;54;100;41;54;99;42;54;98;43;54;97;44;54;96;45;54;95;46;54;94;47;54;93;48;54;92;49;54;91;50;54;90;51;54;89;52;54;88;53;54;87;54;54;86;55;54;85;56;54;84;57;54;83;58;54;82;59;54;81;60;54;80;61;54;79;62;54;78;63;54;77;64;54;76;65;54;75;66;54;74;67;54;73;68;54;72;69;54;71;70;54;70;71;54;69;72;54;68;73;54;67;74;54;66;75;54;65;76;54;64;77;54;63;78;54;62;79;54;61;80;54;60;81;54;59;82;54;58;83;54;57;84;54;56;85;54;55;86;54;54;87;54;53;88;54;52;89;54;51;90;54;50;91;54;49;92;54;48;93;54;47;94;54;46;95;54;45;96;54;46;97;54;47;98;54;48;99;54;49;

0;53;141;1;53;140;2;53;139;3;53;138;4;53;137;5;53;136;6;53;135;7;53;134;8;53;133;9;53;132;10;53;131;11;53;130;12;53;129;13;53;128;14;53;127;15;53;126;16;53;125;17;53;124;18;53;123;19;53;122;20;53;121;21;53;120;22;53;119;23;53;118;24;53;117;25;53;116;26;53;115;27;53;114;28;53;113;29;53;112;30;53;111;31;53;110;32;53;109;33;53;108;34;53;107;35;53;106;36;53;105;37;53;104;38;53;103;39;53;102;40;53;101;41;53;100;42;53;99;43;53;98;44;53;97;45;53;96;46;53;95;47;53;94;48;53;93;49;53;92;50;53;91;51;53;90;52;53;89;53;53;88;54;53;87;55;53;86;56;53;85;57;53;84;58;53;83;59;53;82;60;53;81;61;53;80;62;53;79;63;53;78;64;53;77;65;53;76;66;53;75;67;53;74;68;53;73;69;53;72;70;53;71;71;53;70;72;53;69;73;53;68;74;53;67;75;53;66;76;53;65;77;53;64;78;53;63;79;53;62;80;53;61;81;53;60;82;53;59;83;53;58;84;53;57;85;53;56;86;53;55;87;53;54;88;53;53;89;53;52;90;53;51;91;53;50;92;53;49;93;53;48;94;53;47;95;53;46;96;53;47;97;53;48;98;53;49;99;53;50;

0;52;142;1;52;141;2;52;140;3;52;139;4;52;138;5;52;137;6;52;136;7;52;135;8;52;134;9;52;133;10;52;132;11;52;131;12;52;130;13;52;129;14;52;128;15;52;127;16;52;126;17;52;125;18;52;124;19;52;123;20;52;122;21;52;121;22;52;120;23;52;119;24;52;118;25;52;117;26;52;116;27;52;115;28;52;114;29;52;113;30;52;112;31;52;111;32;52;110;33;52;109;34;52;108;35;52;107;36;52;106;37;52;105;38;52;104;39;52;103;40;52;102;41;52;101;42;52;100;43;52;99;44;52;98;45;52;97;46;52;96;47;52;95;48;52;94;49;52;93;50;52;92;51;52;91;52;52;90;53;52;89;54;52;88;55;52;87;56;52;86;57;52;85;58;52;84;59;52;83;60;52;82;61;52;81;62;52;80;63;52;79;64;52;78;65;52;77;66;52;76;67;52;75;68;52;74;69;52;73;70;52;72;71;52;71;72;52;70;73;52;69;74;52;68;75;52;67;76;52;66;77;52;65;78;52;64;79;52;63;80;52;62;81;52;61;82;52;60;83;52;59;84;52;58;85;52;57;86;52;56;87;52;55;88;52;54;89;52;53;90;52;52;91;52;51;92;52;50;93;52;49;94;52;48;95;52;47;96;52;48;97;52;49;98;52;50;99;52;51;

0;51;143;1;51;142;2;51;141;3;51;140;4;51;139;5;51;138;6;51;137;7;51;136;8;51;135;9;51;134;10;51;133;11;51;132;12;51;131;13;51;130;14;51;129;15;51;128;16;51;127;17;51;126;18;51;125;19;51;124;20;51;123;21;51;122;22;51;121;23;51;120;24;51;119;25;51;118;26;51;117;27;51;116;28;51;115;29;51;114;30;51;113;31;51;112;32;51;111;33;51;110;34;51;109;35;51;108;36;51;107;37;51;106;38;51;105;39;51;104;40;51;103;41;51;102;42;51;101;43;51;100;44;51;99;45;51;98;46;51;97;47;51;96;48;51;95;49;51;94;50;51;93;51;51;92;52;51;91;53;51;90;54;51;89;55;51;88;56;51;87;57;51;86;58;51;85;59;51;84;60;51;83;61;51;82;62;51;81;63;51;80;64;51;79;65;51;78;66;51;77;67;51;76;68;51;75;69;51;74;70;51;73;71;51;72;72;51;71;73;51;70;74;51;69;75;51;68;76;51;67;77;51;66;78;51;65;79;51;64;80;51;63;81;51;62;82;51;61;83;51;60;84;51;59;85;51;58;86;51;57;87;51;56;88;51;55;89;51;54;90;51;53;91;51;52;92;51;51;93;51;50;94;51;49;95;51;48;96;51;49;97;51;50;98;51;51;99;51;52;

0;50;144;1;50;143;2;50;142;3;50;141;4;50;140;5;50;139;6;50;138;7;50;137;8;50;136;9;50;135;10;50;134;11;50;133;12;50;132;13;50;131;14;50;130;15;50;129;16;50;128;17;50;127;18;50;126;19;50;125;20;50;124;21;50;123;22;50;122;23;50;121;24;50;120;25;50;119;26;50;118;27;50;117;28;50;116;29;50;115;30;50;114;31;50;113;32;50;112;33;50;111;34;50;110;35;50;109;36;50;108;37;50;107;38;50;106;39;50;105;40;50;104;41;50;103;42;50;102;43;50;101;44;50;100;45;50;99;46;50;98;47;50;97;48;50;96;49;50;95;50;50;94;51;50;93;52;50;92;53;50;91;54;50;90;55;50;89;56;50;88;57;50;87;58;50;86;59;50;85;60;50;84;61;50;83;62;50;82;63;50;81;64;50;80;65;50;79;66;50;78;67;50;77;68;50;76;69;50;75;70;50;74;71;50;73;72;50;72;73;50;71;74;50;70;75;50;69;76;50;68;77;50;67;78;50;66;79;50;65;80;50;64;81;50;63;82;50;62;83;50;61;84;50;60;85;50;59;86;50;58;87;50;57;88;50;56;89;50;55;90;50;54;91;50;53;92;50;52;93;50;51;94;50;50;95;50;49;96;50;50;97;50;51;98;50;52;99;50;53;

0;49;145;1;49;144;2;49;143;3;49;142;4;49;141;5;49;140;6;49;139;7;49;138;8;49;137;9;49;136;10;49;135;11;49;134;12;49;133;13;49;132;14;49;131;15;49;130;16;49;129;17;49;128;18;49;127;19;49;126;20;49;125;21;49;124;22;49;123;23;49;122;24;49;121;25;49;120;26;49;119;27;49;118;28;49;117;29;49;116;30;49;115;31;49;114;32;49;113;33;49;112;34;49;111;35;49;110;36;49;109;37;49;108;38;49;107;39;49;106;40;49;105;41;49;104;42;49;103;43;49;102;44;49;101;45;49;100;46;49;99;47;49;98;48;49;97;49;49;96;50;49;95;51;49;94;52;49;93;53;49;92;54;49;91;55;49;90;56;49;89;57;49;88;58;49;87;59;49;86;60;49;85;61;49;84;62;49;83;63;49;82;64;49;81;65;49;80;66;49;79;67;49;78;68;49;77;69;49;76;70;49;75;71;49;74;72;49;73;73;49;72;74;49;71;75;49;70;76;49;69;77;49;68;78;49;67;79;49;66;80;49;65;81;49;64;82;49;63;83;49;62;84;49;61;85;49;60;86;49;59;87;49;58;88;49;57;89;49;56;90;49;55;91;49;54;92;49;53;93;49;52;94;49;51;95;49;50;96;49;51;97;49;52;98;49;53;99;49;54;

0;48;146;1;48;145;2;48;144;3;48;143;4;48;142;5;48;141;6;48;140;7;48;139;8;48;138;9;48;137;10;48;136;11;48;135;12;48;134;13;48;133;14;48;132;15;48;131;16;48;130;17;48;129;18;48;128;19;48;127;20;48;126;21;48;125;22;48;124;23;48;123;24;48;122;25;48;121;26;48;120;27;48;119;28;48;118;29;48;117;30;48;116;31;48;115;32;48;114;33;48;113;34;48;112;35;48;111;36;48;110;37;48;109;38;48;108;39;48;107;40;48;106;41;48;105;42;48;104;43;48;103;44;48;102;45;48;101;46;48;100;47;48;99;48;48;98;49;48;97;50;48;96;51;48;95;52;48;94;53;48;93;54;48;92;55;48;91;56;48;90;57;48;89;58;48;88;59;48;87;60;48;86;61;48;85;62;48;84;63;48;83;64;48;82;65;48;81;66;48;80;67;48;79;68;48;78;69;48;77;70;48;76;71;48;75;72;48;74;73;48;73;74;48;72;75;48;71;76;48;70;77;48;69;78;48;68;79;48;67;80;48;66;81;48;65;82;48;64;83;48;63;84;48;62;85;48;61;86;48;60;87;48;59;88;48;58;89;48;57;90;48;56;91;48;55;92;48;54;93;48;53;94;48;52;95;48;51;96;48;52;97;48;53;98;48;54;99;48;55;

0;47;147;1;47;146;2;47;145;3;47;144;4;47;143;5;47;142;6;47;141;7;47;140;8;47;139;9;47;138;10;47;137;11;47;136;12;47;135;13;47;134;14;47;133;15;47;132;16;47;131;17;47;130;18;47;129;19;47;128;20;47;127;21;47;126;22;47;125;23;47;124;24;47;123;25;47;122;26;47;121;27;47;120;28;47;119;29;47;118;30;47;117;31;47;116;32;47;115;33;47;114;34;47;113;35;47;112;36;47;111;37;47;110;38;47;109;39;47;108;40;47;107;41;47;106;42;47;105;43;47;104;44;47;103;45;47;102;46;47;101;47;47;100;48;47;99;49;47;98;50;47;97;51;47;96;52;47;95;53;47;94;54;47;93;55;47;92;56;47;91;57;47;90;58;47;89;59;47;88;60;47;87;61;47;86;62;47;85;63;47;84;64;47;83;65;47;82;66;47;81;67;47;80;68;47;79;69;47;78;70;47;77;71;47;76;72;47;75;73;47;74;74;47;73;75;47;72;76;47;71;77;47;70;78;47;69;79;47;68;80;47;67;81;47;66;82;47;65;83;47;64;84;47;63;85;47;62;86;47;61;87;47;60;88;47;59;89;47;58;90;47;57;91;47;56;92;47;55;93;47;54;94;47;53;95;47;52;96;47;53;97;47;54;98;47;55;99;47;56;

0;46;148;1;46;147;2;46;146;3;46;145;4;46;144;5;46;143;6;46;142;7;46;141;8;46;140;9;46;139;10;46;138;11;46;137;12;46;136;13;46;135;14;46;134;15;46;133;16;46;132;17;46;131;18;46;130;19;46;129;20;46;128;21;46;127;22;46;126;23;46;125;24;46;124;25;46;123;26;46;122;27;46;121;28;46;120;29;46;119;30;46;118;31;46;117;32;46;116;33;46;115;34;46;114;35;46;113;36;46;112;37;46;111;38;46;110;39;46;109;40;46;108;41;46;107;42;46;106;43;46;105;44;46;104;45;46;103;46;46;102;47;46;101;48;46;100;49;46;99;50;46;98;51;46;97;52;46;96;53;46;95;54;46;94;55;46;93;56;46;92;57;46;91;58;46;90;59;46;89;60;46;88;61;46;87;62;46;86;63;46;85;64;46;84;65;46;83;66;46;82;67;46;81;68;46;80;69;46;79;70;46;78;71;46;77;72;46;76;73;46;75;74;46;74;75;46;73;76;46;72;77;46;71;78;46;70;79;46;69;80;46;68;81;46;67;82;46;66;83;46;65;84;46;64;85;46;63;86;46;62;87;46;61;88;46;60;89;46;59;90;46;58;91;46;57;92;46;56;93;46;55;94;46;54;95;46;53;96;46;54;97;46;55;98;46;56;99;46;57;

0;45;149;1;45;148;2;45;147;3;45;146;4;45;145;5;45;144;6;45;143;7;45;142;8;45;141;9;45;140;10;45;139;11;45;138;12;45;137;13;45;136;14;45;135;15;45;134;16;45;133;17;45;132;18;45;131;19;45;130;20;45;129;21;45;128;22;45;127;23;45;126;24;45;125;25;45;124;26;45;123;27;45;122;28;45;121;29;45;120;30;45;119;31;45;118;32;45;117;33;45;116;34;45;115;35;45;114;36;45;113;37;45;112;38;45;111;39;45;110;40;45;109;41;45;108;42;45;107;43;45;106;44;45;105;45;45;104;46;45;103;47;45;102;48;45;101;49;45;100;50;45;99;51;45;98;52;45;97;53;45;96;54;45;95;55;45;94;56;45;93;57;45;92;58;45;91;59;45;90;60;45;89;61;45;88;62;45;87;63;45;86;64;45;85;65;45;84;66;45;83;67;45;82;68;45;81;69;45;80;70;45;79;71;45;78;72;45;77;73;45;76;74;45;75;75;45;74;76;45;73;77;45;72;78;45;71;79;45;70;80;45;69;81;45;68;82;45;67;83;45;66;84;45;65;85;45;64;86;45;63;87;45;62;88;45;61;89;45;60;90;45;59;91;45;58;92;45;57;93;45;56;94;45;55;95;45;54;96;45;55;97;45;56;98;45;57;99;45;58;

0;44;150;1;44;149;2;44;148;3;44;147;4;44;146;5;44;145;6;44;144;7;44;143;8;44;142;9;44;141;10;44;140;11;44;139;12;44;138;13;44;137;14;44;136;15;44;135;16;44;134;17;44;133;18;44;132;19;44;131;20;44;130;21;44;129;22;44;128;23;44;127;24;44;126;25;44;125;26;44;124;27;44;123;28;44;122;29;44;121;30;44;120;31;44;119;32;44;118;33;44;117;34;44;116;35;44;115;36;44;114;37;44;113;38;44;112;39;44;111;40;44;110;41;44;109;42;44;108;43;44;107;44;44;106;45;44;105;46;44;104;47;44;103;48;44;102;49;44;101;50;44;100;51;44;99;52;44;98;53;44;97;54;44;96;55;44;95;56;44;94;57;44;93;58;44;92;59;44;91;60;44;90;61;44;89;62;44;88;63;44;87;64;44;86;65;44;85;66;44;84;67;44;83;68;44;82;69;44;81;70;44;80;71;44;79;72;44;78;73;44;77;74;44;76;75;44;75;76;44;74;77;44;73;78;44;72;79;44;71;80;44;70;81;44;69;82;44;68;83;44;67;84;44;66;85;44;65;86;44;64;87;44;63;88;44;62;89;44;61;90;44;60;91;44;59;92;44;58;93;44;57;94;44;56;95;44;55;96;44;56;97;44;57;98;44;58;99;44;59;

0;43;151;1;43;150;2;43;149;3;43;148;4;43;147;5;43;146;6;43;145;7;43;144;8;43;143;9;43;142;10;43;141;11;43;140;12;43;139;13;43;138;14;43;137;15;43;136;16;43;135;17;43;134;18;43;133;19;43;132;20;43;131;21;43;130;22;43;129;23;43;128;24;43;127;25;43;126;26;43;125;27;43;124;28;43;123;29;43;122;30;43;121;31;43;120;32;43;119;33;43;118;34;43;117;35;43;116;36;43;115;37;43;114;38;43;113;39;43;112;40;43;111;41;43;110;42;43;109;43;43;108;44;43;107;45;43;106;46;43;105;47;43;104;48;43;103;49;43;102;50;43;101;51;43;100;52;43;99;53;43;98;54;43;97;55;43;96;56;43;95;57;43;94;58;43;93;59;43;92;60;43;91;61;43;90;62;43;89;63;43;88;64;43;87;65;43;86;66;43;85;67;43;84;68;43;83;69;43;82;70;43;81;71;43;80;72;43;79;73;43;78;74;43;77;75;43;76;76;43;75;77;43;74;78;43;73;79;43;72;80;43;71;81;43;70;82;43;69;83;43;68;84;43;67;85;43;66;86;43;65;87;43;64;88;43;63;89;43;62;90;43;61;91;43;60;92;43;59;93;43;58;94;43;57;95;43;56;96;43;57;97;43;58;98;43;59;99;43;60;

0;42;152;1;42;151;2;42;150;3;42;149;4;42;148;5;42;147;6;42;146;7;42;145;8;42;144;9;42;143;10;42;142;11;42;141;12;42;140;13;42;139;14;42;138;15;42;137;16;42;136;17;42;135;18;42;134;19;42;133;20;42;132;21;42;131;22;42;130;23;42;129;24;42;128;25;42;127;26;42;126;27;42;125;28;42;124;29;42;123;30;42;122;31;42;121;32;42;120;33;42;119;34;42;118;35;42;117;36;42;116;37;42;115;38;42;114;39;42;113;40;42;112;41;42;111;42;42;110;43;42;109;44;42;108;45;42;107;46;42;106;47;42;105;48;42;104;49;42;103;50;42;102;51;42;101;52;42;100;53;42;99;54;42;98;55;42;97;56;42;96;57;42;95;58;42;94;59;42;93;60;42;92;61;42;91;62;42;90;63;42;89;64;42;88;65;42;87;66;42;86;67;42;85;68;42;84;69;42;83;70;42;82;71;42;81;72;42;80;73;42;79;74;42;78;75;42;77;76;42;76;77;42;75;78;42;74;79;42;73;80;42;72;81;42;71;82;42;70;83;42;69;84;42;68;85;42;67;86;42;66;87;42;65;88;42;64;89;42;63;90;42;62;91;42;61;92;42;60;93;42;59;94;42;58;95;42;57;96;42;58;97;42;59;98;42;60;99;42;61;

0;41;153;1;41;152;2;41;151;3;41;150;4;41;149;5;41;148;6;41;147;7;41;146;8;41;145;9;41;144;10;41;143;11;41;142;12;41;141;13;41;140;14;41;139;15;41;138;16;41;137;17;41;136;18;41;135;19;41;134;20;41;133;21;41;132;22;41;131;23;41;130;24;41;129;25;41;128;26;41;127;27;41;126;28;41;125;29;41;124;30;41;123;31;41;122;32;41;121;33;41;120;34;41;119;35;41;118;36;41;117;37;41;116;38;41;115;39;41;114;40;41;113;41;41;112;42;41;111;43;41;110;44;41;109;45;41;108;46;41;107;47;41;106;48;41;105;49;41;104;50;41;103;51;41;102;52;41;101;53;41;100;54;41;99;55;41;98;56;41;97;57;41;96;58;41;95;59;41;94;60;41;93;61;41;92;62;41;91;63;41;90;64;41;89;65;41;88;66;41;87;67;41;86;68;41;85;69;41;84;70;41;83;71;41;82;72;41;81;73;41;80;74;41;79;75;41;78;76;41;77;77;41;76;78;41;75;79;41;74;80;41;73;81;41;72;82;41;71;83;41;70;84;41;69;85;41;68;86;41;67;87;41;66;88;41;65;89;41;64;90;41;63;91;41;62;92;41;61;93;41;60;94;41;59;95;41;58;96;41;59;97;41;60;98;41;61;99;41;62;

0;40;154;1;40;153;2;40;152;3;40;151;4;40;150;5;40;149;6;40;148;7;40;147;8;40;146;9;40;145;10;40;144;11;40;143;12;40;142;13;40;141;14;40;140;15;40;139;16;40;138;17;40;137;18;40;136;19;40;135;20;40;134;21;40;133;22;40;132;23;40;131;24;40;130;25;40;129;26;40;128;27;40;127;28;40;126;29;40;125;30;40;124;31;40;123;32;40;122;33;40;121;34;40;120;35;40;119;36;40;118;37;40;117;38;40;116;39;40;115;40;40;114;41;40;113;42;40;112;43;40;111;44;40;110;45;40;109;46;40;108;47;40;107;48;40;106;49;40;105;50;40;104;51;40;103;52;40;102;53;40;101;54;40;100;55;40;99;56;40;98;57;40;97;58;40;96;59;40;95;60;40;94;61;40;93;62;40;92;63;40;91;64;40;90;65;40;89;66;40;88;67;40;87;68;40;86;69;40;85;70;40;84;71;40;83;72;40;82;73;40;81;74;40;80;75;40;79;76;40;78;77;40;77;78;40;76;79;40;75;80;40;74;81;40;73;82;40;72;83;40;71;84;40;70;85;40;69;86;40;68;87;40;67;88;40;66;89;40;65;90;40;64;91;40;63;92;40;62;93;40;61;94;40;60;95;40;59;96;40;60;97;40;61;98;40;62;99;40;63;

0;39;155;1;39;154;2;39;153;3;39;152;4;39;151;5;39;150;6;39;149;7;39;148;8;39;147;9;39;146;10;39;145;11;39;144;12;39;143;13;39;142;14;39;141;15;39;140;16;39;139;17;39;138;18;39;137;19;39;136;20;39;135;21;39;134;22;39;133;23;39;132;24;39;131;25;39;130;26;39;129;27;39;128;28;39;127;29;39;126;30;39;125;31;39;124;32;39;123;33;39;122;34;39;121;35;39;120;36;39;119;37;39;118;38;39;117;39;39;116;40;39;115;41;39;114;42;39;113;43;39;112;44;39;111;45;39;110;46;39;109;47;39;108;48;39;107;49;39;106;50;39;105;51;39;104;52;39;103;53;39;102;54;39;101;55;39;100;56;39;99;57;39;98;58;39;97;59;39;96;60;39;95;61;39;94;62;39;93;63;39;92;64;39;91;65;39;90;66;39;89;67;39;88;68;39;87;69;39;86;70;39;85;71;39;84;72;39;83;73;39;82;74;39;81;75;39;80;76;39;79;77;39;78;78;39;77;79;39;76;80;39;75;81;39;74;82;39;73;83;39;72;84;39;71;85;39;70;86;39;69;87;39;68;88;39;67;89;39;66;90;39;65;91;39;64;92;39;63;93;39;62;94;39;61;95;39;60;96;39;61;97;39;62;98;39;63;99;39;64;

0;38;156;1;38;155;2;38;154;3;38;153;4;38;152;5;38;151;6;38;150;7;38;149;8;38;148;9;38;147;10;38;146;11;38;145;12;38;144;13;38;143;14;38;142;15;38;141;16;38;140;17;38;139;18;38;138;19;38;137;20;38;136;21;38;135;22;38;134;23;38;133;24;38;132;25;38;131;26;38;130;27;38;129;28;38;128;29;38;127;30;38;126;31;38;125;32;38;124;33;38;123;34;38;122;35;38;121;36;38;120;37;38;119;38;38;118;39;38;117;40;38;116;41;38;115;42;38;114;43;38;113;44;38;112;45;38;111;46;38;110;47;38;109;48;38;108;49;38;107;50;38;106;51;38;105;52;38;104;53;38;103;54;38;102;55;38;101;56;38;100;57;38;99;58;38;98;59;38;97;60;38;96;61;38;95;62;38;94;63;38;93;64;38;92;65;38;91;66;38;90;67;38;89;68;38;88;69;38;87;70;38;86;71;38;85;72;38;84;73;38;83;74;38;82;75;38;81;76;38;80;77;38;79;78;38;78;79;38;77;80;38;76;81;38;75;82;38;74;83;38;73;84;38;72;85;38;71;86;38;70;87;38;69;88;38;68;89;38;67;90;38;66;91;38;65;92;38;64;93;38;63;94;38;62;95;38;61;96;38;62;97;38;63;98;38;64;99;38;65;

0;37;157;1;37;156;2;37;155;3;37;154;4;37;153;5;37;152;6;37;151;7;37;150;8;37;149;9;37;148;10;37;147;11;37;146;12;37;145;13;37;144;14;37;143;15;37;142;16;37;141;17;37;140;18;37;139;19;37;138;20;37;137;21;37;136;22;37;135;23;37;134;24;37;133;25;37;132;26;37;131;27;37;130;28;37;129;29;37;128;30;37;127;31;37;126;32;37;125;33;37;124;34;37;123;35;37;122;36;37;121;37;37;120;38;37;119;39;37;118;40;37;117;41;37;116;42;37;115;43;37;114;44;37;113;45;37;112;46;37;111;47;37;110;48;37;109;49;37;108;50;37;107;51;37;106;52;37;105;53;37;104;54;37;103;55;37;102;56;37;101;57;37;100;58;37;99;59;37;98;60;37;97;61;37;96;62;37;95;63;37;94;64;37;93;65;37;92;66;37;91;67;37;90;68;37;89;69;37;88;70;37;87;71;37;86;72;37;85;73;37;84;74;37;83;75;37;82;76;37;81;77;37;80;78;37;79;79;37;78;80;37;77;81;37;76;82;37;75;83;37;74;84;37;73;85;37;72;86;37;71;87;37;70;88;37;69;89;37;68;90;37;67;91;37;66;92;37;65;93;37;64;94;37;63;95;37;62;96;37;63;97;37;64;98;37;65;99;37;66;

0;36;158;1;36;157;2;36;156;3;36;155;4;36;154;5;36;153;6;36;152;7;36;151;8;36;150;9;36;149;10;36;148;11;36;147;12;36;146;13;36;145;14;36;144;15;36;143;16;36;142;17;36;141;18;36;140;19;36;139;20;36;138;21;36;137;22;36;136;23;36;135;24;36;134;25;36;133;26;36;132;27;36;131;28;36;130;29;36;129;30;36;128;31;36;127;32;36;126;33;36;125;34;36;124;35;36;123;36;36;122;37;36;121;38;36;120;39;36;119;40;36;118;41;36;117;42;36;116;43;36;115;44;36;114;45;36;113;46;36;112;47;36;111;48;36;110;49;36;109;50;36;108;51;36;107;52;36;106;53;36;105;54;36;104;55;36;103;56;36;102;57;36;101;58;36;100;59;36;99;60;36;98;61;36;97;62;36;96;63;36;95;64;36;94;65;36;93;66;36;92;67;36;91;68;36;90;69;36;89;70;36;88;71;36;87;72;36;86;73;36;85;74;36;84;75;36;83;76;36;82;77;36;81;78;36;80;79;36;79;80;36;78;81;36;77;82;36;76;83;36;75;84;36;74;85;36;73;86;36;72;87;36;71;88;36;70;89;36;69;90;36;68;91;36;67;92;36;66;93;36;65;94;36;64;95;36;63;96;36;64;97;36;65;98;36;66;99;36;67;

0;35;159;1;35;158;2;35;157;3;35;156;4;35;155;5;35;154;6;35;153;7;35;152;8;35;151;9;35;150;10;35;149;11;35;148;12;35;147;13;35;146;14;35;145;15;35;144;16;35;143;17;35;142;18;35;141;19;35;140;20;35;139;21;35;138;22;35;137;23;35;136;24;35;135;25;35;134;26;35;133;27;35;132;28;35;131;29;35;130;30;35;129;31;35;128;32;35;127;33;35;126;34;35;125;35;35;124;36;35;123;37;35;122;38;35;121;39;35;120;40;35;119;41;35;118;42;35;117;43;35;116;44;35;115;45;35;114;46;35;113;47;35;112;48;35;111;49;35;110;50;35;109;51;35;108;52;35;107;53;35;106;54;35;105;55;35;104;56;35;103;57;35;102;58;35;101;59;35;100;60;35;99;61;35;98;62;35;97;63;35;96;64;35;95;65;35;94;66;35;93;67;35;92;68;35;91;69;35;90;70;35;89;71;35;88;72;35;87;73;35;86;74;35;85;75;35;84;76;35;83;77;35;82;78;35;81;79;35;80;80;35;79;81;35;78;82;35;77;83;35;76;84;35;75;85;35;74;86;35;73;87;35;72;88;35;71;89;35;70;90;35;69;91;35;68;92;35;67;93;35;66;94;35;65;95;35;64;96;35;65;97;35;66;98;35;67;99;35;68;

0;34;160;1;34;159;2;34;158;3;34;157;4;34;156;5;34;155;6;34;154;7;34;153;8;34;152;9;34;151;10;34;150;11;34;149;12;34;148;13;34;147;14;34;146;15;34;145;16;34;144;17;34;143;18;34;142;19;34;141;20;34;140;21;34;139;22;34;138;23;34;137;24;34;136;25;34;135;26;34;134;27;34;133;28;34;132;29;34;131;30;34;130;31;34;129;32;34;128;33;34;127;34;34;126;35;34;125;36;34;124;37;34;123;38;34;122;39;34;121;40;34;120;41;34;119;42;34;118;43;34;117;44;34;116;45;34;115;46;34;114;47;34;113;48;34;112;49;34;111;50;34;110;51;34;109;52;34;108;53;34;107;54;34;106;55;34;105;56;34;104;57;34;103;58;34;102;59;34;101;60;34;100;61;34;99;62;34;98;63;34;97;64;34;96;65;34;95;66;34;94;67;34;93;68;34;92;69;34;91;70;34;90;71;34;89;72;34;88;73;34;87;74;34;86;75;34;85;76;34;84;77;34;83;78;34;82;79;34;81;80;34;80;81;34;79;82;34;78;83;34;77;84;34;76;85;34;75;86;34;74;87;34;73;88;34;72;89;34;71;90;34;70;91;34;69;92;34;68;93;34;67;94;34;66;95;34;65;96;34;66;97;34;67;98;34;68;99;34;69;

0;33;161;1;33;160;2;33;159;3;33;158;4;33;157;5;33;156;6;33;155;7;33;154;8;33;153;9;33;152;10;33;151;11;33;150;12;33;149;13;33;148;14;33;147;15;33;146;16;33;145;17;33;144;18;33;143;19;33;142;20;33;141;21;33;140;22;33;139;23;33;138;24;33;137;25;33;136;26;33;135;27;33;134;28;33;133;29;33;132;30;33;131;31;33;130;32;33;129;33;33;128;34;33;127;35;33;126;36;33;125;37;33;124;38;33;123;39;33;122;40;33;121;41;33;120;42;33;119;43;33;118;44;33;117;45;33;116;46;33;115;47;33;114;48;33;113;49;33;112;50;33;111;51;33;110;52;33;109;53;33;108;54;33;107;55;33;106;56;33;105;57;33;104;58;33;103;59;33;102;60;33;101;61;33;100;62;33;99;63;33;98;64;33;97;65;33;96;66;33;95;67;33;94;68;33;93;69;33;92;70;33;91;71;33;90;72;33;89;73;33;88;74;33;87;75;33;86;76;33;85;77;33;84;78;33;83;79;33;82;80;33;81;81;33;80;82;33;79;83;33;78;84;33;77;85;33;76;86;33;75;87;33;74;88;33;73;89;33;72;90;33;71;91;33;70;92;33;69;93;33;68;94;33;67;95;33;66;96;33;67;97;33;68;98;33;69;99;33;70;

0;32;162;1;32;161;2;32;160;3;32;159;4;32;158;5;32;157;6;32;156;7;32;155;8;32;154;9;32;153;10;32;152;11;32;151;12;32;150;13;32;149;14;32;148;15;32;147;16;32;146;17;32;145;18;32;144;19;32;143;20;32;142;21;32;141;22;32;140;23;32;139;24;32;138;25;32;137;26;32;136;27;32;135;28;32;134;29;32;133;30;32;132;31;32;131;32;32;130;33;32;129;34;32;128;35;32;127;36;32;126;37;32;125;38;32;124;39;32;123;40;32;122;41;32;121;42;32;120;43;32;119;44;32;118;45;32;117;46;32;116;47;32;115;48;32;114;49;32;113;50;32;112;51;32;111;52;32;110;53;32;109;54;32;108;55;32;107;56;32;106;57;32;105;58;32;104;59;32;103;60;32;102;61;32;101;62;32;100;63;32;99;64;32;98;65;32;97;66;32;96;67;32;95;68;32;94;69;32;93;70;32;92;71;32;91;72;32;90;73;32;89;74;32;88;75;32;87;76;32;86;77;32;85;78;32;84;79;32;83;80;32;82;81;32;81;82;32;80;83;32;79;84;32;78;85;32;77;86;32;76;87;32;75;88;32;74;89;32;73;90;32;72;91;32;71;92;32;70;93;32;69;94;32;68;95;32;67;96;32;68;97;32;69;98;32;70;99;32;71;

0;31;163;1;31;162;2;31;161;3;31;160;4;31;159;5;31;158;6;31;157;7;31;156;8;31;155;9;31;154;10;31;153;11;31;152;12;31;151;13;31;150;14;31;149;15;31;148;16;31;147;17;31;146;18;31;145;19;31;144;20;31;143;21;31;142;22;31;141;23;31;140;24;31;139;25;31;138;26;31;137;27;31;136;28;31;135;29;31;134;30;31;133;31;31;132;32;31;131;33;31;130;34;31;129;35;31;128;36;31;127;37;31;126;38;31;125;39;31;124;40;31;123;41;31;122;42;31;121;43;31;120;44;31;119;45;31;118;46;31;117;47;31;116;48;31;115;49;31;114;50;31;113;51;31;112;52;31;111;53;31;110;54;31;109;55;31;108;56;31;107;57;31;106;58;31;105;59;31;104;60;31;103;61;31;102;62;31;101;63;31;100;64;31;99;65;31;98;66;31;97;67;31;96;68;31;95;69;31;94;70;31;93;71;31;92;72;31;91;73;31;90;74;31;89;75;31;88;76;31;87;77;31;86;78;31;85;79;31;84;80;31;83;81;31;82;82;31;81;83;31;80;84;31;79;85;31;78;86;31;77;87;31;76;88;31;75;89;31;74;90;31;73;91;31;72;92;31;71;93;31;70;94;31;69;95;31;68;96;31;69;97;31;70;98;31;71;99;31;72;

0;30;164;1;30;163;2;30;162;3;30;161;4;30;160;5;30;159;6;30;158;7;30;157;8;30;156;9;30;155;10;30;154;11;30;153;12;30;152;13;30;151;14;30;150;15;30;149;16;30;148;17;30;147;18;30;146;19;30;145;20;30;144;21;30;143;22;30;142;23;30;141;24;30;140;25;30;139;26;30;138;27;30;137;28;30;136;29;30;135;30;30;134;31;30;133;32;30;132;33;30;131;34;30;130;35;30;129;36;30;128;37;30;127;38;30;126;39;30;125;40;30;124;41;30;123;42;30;122;43;30;121;44;30;120;45;30;119;46;30;118;47;30;117;48;30;116;49;30;115;50;30;114;51;30;113;52;30;112;53;30;111;54;30;110;55;30;109;56;30;108;57;30;107;58;30;106;59;30;105;60;30;104;61;30;103;62;30;102;63;30;101;64;30;100;65;30;99;66;30;98;67;30;97;68;30;96;69;30;95;70;30;94;71;30;93;72;30;92;73;30;91;74;30;90;75;30;89;76;30;88;77;30;87;78;30;86;79;30;85;80;30;84;81;30;83;82;30;82;83;30;81;84;30;80;85;30;79;86;30;78;87;30;77;88;30;76;89;30;75;90;30;74;91;30;73;92;30;72;93;30;71;94;30;70;95;30;69;96;30;70;97;30;71;98;30;72;99;30;73;

0;29;165;1;29;164;2;29;163;3;29;162;4;29;161;5;29;160;6;29;159;7;29;158;8;29;157;9;29;156;10;29;155;11;29;154;12;29;153;13;29;152;14;29;151;15;29;150;16;29;149;17;29;148;18;29;147;19;29;146;20;29;145;21;29;144;22;29;143;23;29;142;24;29;141;25;29;140;26;29;139;27;29;138;28;29;137;29;29;136;30;29;135;31;29;134;32;29;133;33;29;132;34;29;131;35;29;130;36;29;129;37;29;128;38;29;127;39;29;126;40;29;125;41;29;124;42;29;123;43;29;122;44;29;121;45;29;120;46;29;119;47;29;118;48;29;117;49;29;116;50;29;115;51;29;114;52;29;113;53;29;112;54;29;111;55;29;110;56;29;109;57;29;108;58;29;107;59;29;106;60;29;105;61;29;104;62;29;103;63;29;102;64;29;101;65;29;100;66;29;99;67;29;98;68;29;97;69;29;96;70;29;95;71;29;94;72;29;93;73;29;92;74;29;91;75;29;90;76;29;89;77;29;88;78;29;87;79;29;86;80;29;85;81;29;84;82;29;83;83;29;82;84;29;81;85;29;80;86;29;79;87;29;78;88;29;77;89;29;76;90;29;75;91;29;74;92;29;73;93;29;72;94;29;71;95;29;70;96;29;71;97;29;72;98;29;73;99;29;74;

0;28;166;1;28;165;2;28;164;3;28;163;4;28;162;5;28;161;6;28;160;7;28;159;8;28;158;9;28;157;10;28;156;11;28;155;12;28;154;13;28;153;14;28;152;15;28;151;16;28;150;17;28;149;18;28;148;19;28;147;20;28;146;21;28;145;22;28;144;23;28;143;24;28;142;25;28;141;26;28;140;27;28;139;28;28;138;29;28;137;30;28;136;31;28;135;32;28;134;33;28;133;34;28;132;35;28;131;36;28;130;37;28;129;38;28;128;39;28;127;40;28;126;41;28;125;42;28;124;43;28;123;44;28;122;45;28;121;46;28;120;47;28;119;48;28;118;49;28;117;50;28;116;51;28;115;52;28;114;53;28;113;54;28;112;55;28;111;56;28;110;57;28;109;58;28;108;59;28;107;60;28;106;61;28;105;62;28;104;63;28;103;64;28;102;65;28;101;66;28;100;67;28;99;68;28;98;69;28;97;70;28;96;71;28;95;72;28;94;73;28;93;74;28;92;75;28;91;76;28;90;77;28;89;78;28;88;79;28;87;80;28;86;81;28;85;82;28;84;83;28;83;84;28;82;85;28;81;86;28;80;87;28;79;88;28;78;89;28;77;90;28;76;91;28;75;92;28;74;93;28;73;94;28;72;95;28;71;96;28;72;97;28;73;98;28;74;99;28;75;

0;27;167;1;27;166;2;27;165;3;27;164;4;27;163;5;27;162;6;27;161;7;27;160;8;27;159;9;27;158;10;27;157;11;27;156;12;27;155;13;27;154;14;27;153;15;27;152;16;27;151;17;27;150;18;27;149;19;27;148;20;27;147;21;27;146;22;27;145;23;27;144;24;27;143;25;27;142;26;27;141;27;27;140;28;27;139;29;27;138;30;27;137;31;27;136;32;27;135;33;27;134;34;27;133;35;27;132;36;27;131;37;27;130;38;27;129;39;27;128;40;27;127;41;27;126;42;27;125;43;27;124;44;27;123;45;27;122;46;27;121;47;27;120;48;27;119;49;27;118;50;27;117;51;27;116;52;27;115;53;27;114;54;27;113;55;27;112;56;27;111;57;27;110;58;27;109;59;27;108;60;27;107;61;27;106;62;27;105;63;27;104;64;27;103;65;27;102;66;27;101;67;27;100;68;27;99;69;27;98;70;27;97;71;27;96;72;27;95;73;27;94;74;27;93;75;27;92;76;27;91;77;27;90;78;27;89;79;27;88;80;27;87;81;27;86;82;27;85;83;27;84;84;27;83;85;27;82;86;27;81;87;27;80;88;27;79;89;27;78;90;27;77;91;27;76;92;27;75;93;27;74;94;27;73;95;27;72;96;27;73;97;27;74;98;27;75;99;27;76;

0;26;168;1;26;167;2;26;166;3;26;165;4;26;164;5;26;163;6;26;162;7;26;161;8;26;160;9;26;159;10;26;158;11;26;157;12;26;156;13;26;155;14;26;154;15;26;153;16;26;152;17;26;151;18;26;150;19;26;149;20;26;148;21;26;147;22;26;146;23;26;145;24;26;144;25;26;143;26;26;142;27;26;141;28;26;140;29;26;139;30;26;138;31;26;137;32;26;136;33;26;135;34;26;134;35;26;133;36;26;132;37;26;131;38;26;130;39;26;129;40;26;128;41;26;127;42;26;126;43;26;125;44;26;124;45;26;123;46;26;122;47;26;121;48;26;120;49;26;119;50;26;118;51;26;117;52;26;116;53;26;115;54;26;114;55;26;113;56;26;112;57;26;111;58;26;110;59;26;109;60;26;108;61;26;107;62;26;106;63;26;105;64;26;104;65;26;103;66;26;102;67;26;101;68;26;100;69;26;99;70;26;98;71;26;97;72;26;96;73;26;95;74;26;94;75;26;93;76;26;92;77;26;91;78;26;90;79;26;89;80;26;88;81;26;87;82;26;86;83;26;85;84;26;84;85;26;83;86;26;82;87;26;81;88;26;80;89;26;79;90;26;78;91;26;77;92;26;76;93;26;75;94;26;74;95;26;73;96;26;74;97;26;75;98;26;76;99;26;77;

0;25;169;1;25;168;2;25;167;3;25;166;4;25;165;5;25;164;6;25;163;7;25;162;8;25;161;9;25;160;10;25;159;11;25;158;12;25;157;13;25;156;14;25;155;15;25;154;16;25;153;17;25;152;18;25;151;19;25;150;20;25;149;21;25;148;22;25;147;23;25;146;24;25;145;25;25;144;26;25;143;27;25;142;28;25;141;29;25;140;30;25;139;31;25;138;32;25;137;33;25;136;34;25;135;35;25;134;36;25;133;37;25;132;38;25;131;39;25;130;40;25;129;41;25;128;42;25;127;43;25;126;44;25;125;45;25;124;46;25;123;47;25;122;48;25;121;49;25;120;50;25;119;51;25;118;52;25;117;53;25;116;54;25;115;55;25;114;56;25;113;57;25;112;58;25;111;59;25;110;60;25;109;61;25;108;62;25;107;63;25;106;64;25;105;65;25;104;66;25;103;67;25;102;68;25;101;69;25;100;70;25;99;71;25;98;72;25;97;73;25;96;74;25;95;75;25;94;76;25;93;77;25;92;78;25;91;79;25;90;80;25;89;81;25;88;82;25;87;83;25;86;84;25;85;85;25;84;86;25;83;87;25;82;88;25;81;89;25;80;90;25;79;91;25;78;92;25;77;93;25;76;94;25;75;95;25;74;96;25;75;97;25;76;98;25;77;99;25;78;

0;24;170;1;24;169;2;24;168;3;24;167;4;24;166;5;24;165;6;24;164;7;24;163;8;24;162;9;24;161;10;24;160;11;24;159;12;24;158;13;24;157;14;24;156;15;24;155;16;24;154;17;24;153;18;24;152;19;24;151;20;24;150;21;24;149;22;24;148;23;24;147;24;24;146;25;24;145;26;24;144;27;24;143;28;24;142;29;24;141;30;24;140;31;24;139;32;24;138;33;24;137;34;24;136;35;24;135;36;24;134;37;24;133;38;24;132;39;24;131;40;24;130;41;24;129;42;24;128;43;24;127;44;24;126;45;24;125;46;24;124;47;24;123;48;24;122;49;24;121;50;24;120;51;24;119;52;24;118;53;24;117;54;24;116;55;24;115;56;24;114;57;24;113;58;24;112;59;24;111;60;24;110;61;24;109;62;24;108;63;24;107;64;24;106;65;24;105;66;24;104;67;24;103;68;24;102;69;24;101;70;24;100;71;24;99;72;24;98;73;24;97;74;24;96;75;24;95;76;24;94;77;24;93;78;24;92;79;24;91;80;24;90;81;24;89;82;24;88;83;24;87;84;24;86;85;24;85;86;24;84;87;24;83;88;24;82;89;24;81;90;24;80;91;24;79;92;24;78;93;24;77;94;24;76;95;24;75;96;24;76;97;24;77;98;24;78;99;24;79;

0;23;171;1;23;170;2;23;169;3;23;168;4;23;167;5;23;166;6;23;165;7;23;164;8;23;163;9;23;162;10;23;161;11;23;160;12;23;159;13;23;158;14;23;157;15;23;156;16;23;155;17;23;154;18;23;153;19;23;152;20;23;151;21;23;150;22;23;149;23;23;148;24;23;147;25;23;146;26;23;145;27;23;144;28;23;143;29;23;142;30;23;141;31;23;140;32;23;139;33;23;138;34;23;137;35;23;136;36;23;135;37;23;134;38;23;133;39;23;132;40;23;131;41;23;130;42;23;129;43;23;128;44;23;127;45;23;126;46;23;125;47;23;124;48;23;123;49;23;122;50;23;121;51;23;120;52;23;119;53;23;118;54;23;117;55;23;116;56;23;115;57;23;114;58;23;113;59;23;112;60;23;111;61;23;110;62;23;109;63;23;108;64;23;107;65;23;106;66;23;105;67;23;104;68;23;103;69;23;102;70;23;101;71;23;100;72;23;99;73;23;98;74;23;97;75;23;96;76;23;95;77;23;94;78;23;93;79;23;92;80;23;91;81;23;90;82;23;89;83;23;88;84;23;87;85;23;86;86;23;85;87;23;84;88;23;83;89;23;82;90;23;81;91;23;80;92;23;79;93;23;78;94;23;77;95;23;76;96;23;77;97;23;78;98;23;79;99;23;80;

0;22;172;1;22;171;2;22;170;3;22;169;4;22;168;5;22;167;6;22;166;7;22;165;8;22;164;9;22;163;10;22;162;11;22;161;12;22;160;13;22;159;14;22;158;15;22;157;16;22;156;17;22;155;18;22;154;19;22;153;20;22;152;21;22;151;22;22;150;23;22;149;24;22;148;25;22;147;26;22;146;27;22;145;28;22;144;29;22;143;30;22;142;31;22;141;32;22;140;33;22;139;34;22;138;35;22;137;36;22;136;37;22;135;38;22;134;39;22;133;40;22;132;41;22;131;42;22;130;43;22;129;44;22;128;45;22;127;46;22;126;47;22;125;48;22;124;49;22;123;50;22;122;51;22;121;52;22;120;53;22;119;54;22;118;55;22;117;56;22;116;57;22;115;58;22;114;59;22;113;60;22;112;61;22;111;62;22;110;63;22;109;64;22;108;65;22;107;66;22;106;67;22;105;68;22;104;69;22;103;70;22;102;71;22;101;72;22;100;73;22;99;74;22;98;75;22;97;76;22;96;77;22;95;78;22;94;79;22;93;80;22;92;81;22;91;82;22;90;83;22;89;84;22;88;85;22;87;86;22;86;87;22;85;88;22;84;89;22;83;90;22;82;91;22;81;92;22;80;93;22;79;94;22;78;95;22;77;96;22;78;97;22;79;98;22;80;99;22;81;

0;21;173;1;21;172;2;21;171;3;21;170;4;21;169;5;21;168;6;21;167;7;21;166;8;21;165;9;21;164;10;21;163;11;21;162;12;21;161;13;21;160;14;21;159;15;21;158;16;21;157;17;21;156;18;21;155;19;21;154;20;21;153;21;21;152;22;21;151;23;21;150;24;21;149;25;21;148;26;21;147;27;21;146;28;21;145;29;21;144;30;21;143;31;21;142;32;21;141;33;21;140;34;21;139;35;21;138;36;21;137;37;21;136;38;21;135;39;21;134;40;21;133;41;21;132;42;21;131;43;21;130;44;21;129;45;21;128;46;21;127;47;21;126;48;21;125;49;21;124;50;21;123;51;21;122;52;21;121;53;21;120;54;21;119;55;21;118;56;21;117;57;21;116;58;21;115;59;21;114;60;21;113;61;21;112;62;21;111;63;21;110;64;21;109;65;21;108;66;21;107;67;21;106;68;21;105;69;21;104;70;21;103;71;21;102;72;21;101;73;21;100;74;21;99;75;21;98;76;21;97;77;21;96;78;21;95;79;21;94;80;21;93;81;21;92;82;21;91;83;21;90;84;21;89;85;21;88;86;21;87;87;21;86;88;21;85;89;21;84;90;21;83;91;21;82;92;21;81;93;21;80;94;21;79;95;21;78;96;21;79;97;21;80;98;21;81;99;21;82;

0;20;174;1;20;173;2;20;172;3;20;171;4;20;170;5;20;169;6;20;168;7;20;167;8;20;166;9;20;165;10;20;164;11;20;163;12;20;162;13;20;161;14;20;160;15;20;159;16;20;158;17;20;157;18;20;156;19;20;155;20;20;154;21;20;153;22;20;152;23;20;151;24;20;150;25;20;149;26;20;148;27;20;147;28;20;146;29;20;145;30;20;144;31;20;143;32;20;142;33;20;141;34;20;140;35;20;139;36;20;138;37;20;137;38;20;136;39;20;135;40;20;134;41;20;133;42;20;132;43;20;131;44;20;130;45;20;129;46;20;128;47;20;127;48;20;126;49;20;125;50;20;124;51;20;123;52;20;122;53;20;121;54;20;120;55;20;119;56;20;118;57;20;117;58;20;116;59;20;115;60;20;114;61;20;113;62;20;112;63;20;111;64;20;110;65;20;109;66;20;108;67;20;107;68;20;106;69;20;105;70;20;104;71;20;103;72;20;102;73;20;101;74;20;100;75;20;99;76;20;98;77;20;97;78;20;96;79;20;95;80;20;94;81;20;93;82;20;92;83;20;91;84;20;90;85;20;89;86;20;88;87;20;87;88;20;86;89;20;85;90;20;84;91;20;83;92;20;82;93;20;81;94;20;80;95;20;79;96;20;80;97;20;81;98;20;82;99;20;83;

0;19;175;1;19;174;2;19;173;3;19;172;4;19;171;5;19;170;6;19;169;7;19;168;8;19;167;9;19;166;10;19;165;11;19;164;12;19;163;13;19;162;14;19;161;15;19;160;16;19;159;17;19;158;18;19;157;19;19;156;20;19;155;21;19;154;22;19;153;23;19;152;24;19;151;25;19;150;26;19;149;27;19;148;28;19;147;29;19;146;30;19;145;31;19;144;32;19;143;33;19;142;34;19;141;35;19;140;36;19;139;37;19;138;38;19;137;39;19;136;40;19;135;41;19;134;42;19;133;43;19;132;44;19;131;45;19;130;46;19;129;47;19;128;48;19;127;49;19;126;50;19;125;51;19;124;52;19;123;53;19;122;54;19;121;55;19;120;56;19;119;57;19;118;58;19;117;59;19;116;60;19;115;61;19;114;62;19;113;63;19;112;64;19;111;65;19;110;66;19;109;67;19;108;68;19;107;69;19;106;70;19;105;71;19;104;72;19;103;73;19;102;74;19;101;75;19;100;76;19;99;77;19;98;78;19;97;79;19;96;80;19;95;81;19;94;82;19;93;83;19;92;84;19;91;85;19;90;86;19;89;87;19;88;88;19;87;89;19;86;90;19;85;91;19;84;92;19;83;93;19;82;94;19;81;95;19;80;96;19;81;97;19;82;98;19;83;99;19;84;

0;18;176;1;18;175;2;18;174;3;18;173;4;18;172;5;18;171;6;18;170;7;18;169;8;18;168;9;18;167;10;18;166;11;18;165;12;18;164;13;18;163;14;18;162;15;18;161;16;18;160;17;18;159;18;18;158;19;18;157;20;18;156;21;18;155;22;18;154;23;18;153;24;18;152;25;18;151;26;18;150;27;18;149;28;18;148;29;18;147;30;18;146;31;18;145;32;18;144;33;18;143;34;18;142;35;18;141;36;18;140;37;18;139;38;18;138;39;18;137;40;18;136;41;18;135;42;18;134;43;18;133;44;18;132;45;18;131;46;18;130;47;18;129;48;18;128;49;18;127;50;18;126;51;18;125;52;18;124;53;18;123;54;18;122;55;18;121;56;18;120;57;18;119;58;18;118;59;18;117;60;18;116;61;18;115;62;18;114;63;18;113;64;18;112;65;18;111;66;18;110;67;18;109;68;18;108;69;18;107;70;18;106;71;18;105;72;18;104;73;18;103;74;18;102;75;18;101;76;18;100;77;18;99;78;18;98;79;18;97;80;18;96;81;18;95;82;18;94;83;18;93;84;18;92;85;18;91;86;18;90;87;18;89;88;18;88;89;18;87;90;18;86;91;18;85;92;18;84;93;18;83;94;18;82;95;18;81;96;18;82;97;18;83;98;18;84;99;18;85;

0;17;177;1;17;176;2;17;175;3;17;174;4;17;173;5;17;172;6;17;171;7;17;170;8;17;169;9;17;168;10;17;167;11;17;166;12;17;165;13;17;164;14;17;163;15;17;162;16;17;161;17;17;160;18;17;159;19;17;158;20;17;157;21;17;156;22;17;155;23;17;154;24;17;153;25;17;152;26;17;151;27;17;150;28;17;149;29;17;148;30;17;147;31;17;146;32;17;145;33;17;144;34;17;143;35;17;142;36;17;141;37;17;140;38;17;139;39;17;138;40;17;137;41;17;136;42;17;135;43;17;134;44;17;133;45;17;132;46;17;131;47;17;130;48;17;129;49;17;128;50;17;127;51;17;126;52;17;125;53;17;124;54;17;123;55;17;122;56;17;121;57;17;120;58;17;119;59;17;118;60;17;117;61;17;116;62;17;115;63;17;114;64;17;113;65;17;112;66;17;111;67;17;110;68;17;109;69;17;108;70;17;107;71;17;106;72;17;105;73;17;104;74;17;103;75;17;102;76;17;101;77;17;100;78;17;99;79;17;98;80;17;97;81;17;96;82;17;95;83;17;94;84;17;93;85;17;92;86;17;91;87;17;90;88;17;89;89;17;88;90;17;87;91;17;86;92;17;85;93;17;84;94;17;83;95;17;82;96;17;83;97;17;84;98;17;85;99;17;86;

0;16;178;1;16;177;2;16;176;3;16;175;4;16;174;5;16;173;6;16;172;7;16;171;8;16;170;9;16;169;10;16;168;11;16;167;12;16;166;13;16;165;14;16;164;15;16;163;16;16;162;17;16;161;18;16;160;19;16;159;20;16;158;21;16;157;22;16;156;23;16;155;24;16;154;25;16;153;26;16;152;27;16;151;28;16;150;29;16;149;30;16;148;31;16;147;32;16;146;33;16;145;34;16;144;35;16;143;36;16;142;37;16;141;38;16;140;39;16;139;40;16;138;41;16;137;42;16;136;43;16;135;44;16;134;45;16;133;46;16;132;47;16;131;48;16;130;49;16;129;50;16;128;51;16;127;52;16;126;53;16;125;54;16;124;55;16;123;56;16;122;57;16;121;58;16;120;59;16;119;60;16;118;61;16;117;62;16;116;63;16;115;64;16;114;65;16;113;66;16;112;67;16;111;68;16;110;69;16;109;70;16;108;71;16;107;72;16;106;73;16;105;74;16;104;75;16;103;76;16;102;77;16;101;78;16;100;79;16;99;80;16;98;81;16;97;82;16;96;83;16;95;84;16;94;85;16;93;86;16;92;87;16;91;88;16;90;89;16;89;90;16;88;91;16;87;92;16;86;93;16;85;94;16;84;95;16;83;96;16;84;97;16;85;98;16;86;99;16;87;

0;15;179;1;15;178;2;15;177;3;15;176;4;15;175;5;15;174;6;15;173;7;15;172;8;15;171;9;15;170;10;15;169;11;15;168;12;15;167;13;15;166;14;15;165;15;15;164;16;15;163;17;15;162;18;15;161;19;15;160;20;15;159;21;15;158;22;15;157;23;15;156;24;15;155;25;15;154;26;15;153;27;15;152;28;15;151;29;15;150;30;15;149;31;15;148;32;15;147;33;15;146;34;15;145;35;15;144;36;15;143;37;15;142;38;15;141;39;15;140;40;15;139;41;15;138;42;15;137;43;15;136;44;15;135;45;15;134;46;15;133;47;15;132;48;15;131;49;15;130;50;15;129;51;15;128;52;15;127;53;15;126;54;15;125;55;15;124;56;15;123;57;15;122;58;15;121;59;15;120;60;15;119;61;15;118;62;15;117;63;15;116;64;15;115;65;15;114;66;15;113;67;15;112;68;15;111;69;15;110;70;15;109;71;15;108;72;15;107;73;15;106;74;15;105;75;15;104;76;15;103;77;15;102;78;15;101;79;15;100;80;15;99;81;15;98;82;15;97;83;15;96;84;15;95;85;15;94;86;15;93;87;15;92;88;15;91;89;15;90;90;15;89;91;15;88;92;15;87;93;15;86;94;15;85;95;15;84;96;15;85;97;15;86;98;15;87;99;15;88;

0;14;180;1;14;179;2;14;178;3;14;177;4;14;176;5;14;175;6;14;174;7;14;173;8;14;172;9;14;171;10;14;170;11;14;169;12;14;168;13;14;167;14;14;166;15;14;165;16;14;164;17;14;163;18;14;162;19;14;161;20;14;160;21;14;159;22;14;158;23;14;157;24;14;156;25;14;155;26;14;154;27;14;153;28;14;152;29;14;151;30;14;150;31;14;149;32;14;148;33;14;147;34;14;146;35;14;145;36;14;144;37;14;143;38;14;142;39;14;141;40;14;140;41;14;139;42;14;138;43;14;137;44;14;136;45;14;135;46;14;134;47;14;133;48;14;132;49;14;131;50;14;130;51;14;129;52;14;128;53;14;127;54;14;126;55;14;125;56;14;124;57;14;123;58;14;122;59;14;121;60;14;120;61;14;119;62;14;118;63;14;117;64;14;116;65;14;115;66;14;114;67;14;113;68;14;112;69;14;111;70;14;110;71;14;109;72;14;108;73;14;107;74;14;106;75;14;105;76;14;104;77;14;103;78;14;102;79;14;101;80;14;100;81;14;99;82;14;98;83;14;97;84;14;96;85;14;95;86;14;94;87;14;93;88;14;92;89;14;91;90;14;90;91;14;89;92;14;88;93;14;87;94;14;86;95;14;85;96;14;86;97;14;87;98;14;88;99;14;89;

0;13;181;1;13;180;2;13;179;3;13;178;4;13;177;5;13;176;6;13;175;7;13;174;8;13;173;9;13;172;10;13;171;11;13;170;12;13;169;13;13;168;14;13;167;15;13;166;16;13;165;17;13;164;18;13;163;19;13;162;20;13;161;21;13;160;22;13;159;23;13;158;24;13;157;25;13;156;26;13;155;27;13;154;28;13;153;29;13;152;30;13;151;31;13;150;32;13;149;33;13;148;34;13;147;35;13;146;36;13;145;37;13;144;38;13;143;39;13;142;40;13;141;41;13;140;42;13;139;43;13;138;44;13;137;45;13;136;46;13;135;47;13;134;48;13;133;49;13;132;50;13;131;51;13;130;52;13;129;53;13;128;54;13;127;55;13;126;56;13;125;57;13;124;58;13;123;59;13;122;60;13;121;61;13;120;62;13;119;63;13;118;64;13;117;65;13;116;66;13;115;67;13;114;68;13;113;69;13;112;70;13;111;71;13;110;72;13;109;73;13;108;74;13;107;75;13;106;76;13;105;77;13;104;78;13;103;79;13;102;80;13;101;81;13;100;82;13;99;83;13;98;84;13;97;85;13;96;86;13;95;87;13;94;88;13;93;89;13;92;90;13;91;91;13;90;92;13;89;93;13;88;94;13;87;95;13;86;96;13;87;97;13;88;98;13;89;99;13;90;

0;12;182;1;12;181;2;12;180;3;12;179;4;12;178;5;12;177;6;12;176;7;12;175;8;12;174;9;12;173;10;12;172;11;12;171;12;12;170;13;12;169;14;12;168;15;12;167;16;12;166;17;12;165;18;12;164;19;12;163;20;12;162;21;12;161;22;12;160;23;12;159;24;12;158;25;12;157;26;12;156;27;12;155;28;12;154;29;12;153;30;12;152;31;12;151;32;12;150;33;12;149;34;12;148;35;12;147;36;12;146;37;12;145;38;12;144;39;12;143;40;12;142;41;12;141;42;12;140;43;12;139;44;12;138;45;12;137;46;12;136;47;12;135;48;12;134;49;12;133;50;12;132;51;12;131;52;12;130;53;12;129;54;12;128;55;12;127;56;12;126;57;12;125;58;12;124;59;12;123;60;12;122;61;12;121;62;12;120;63;12;119;64;12;118;65;12;117;66;12;116;67;12;115;68;12;114;69;12;113;70;12;112;71;12;111;72;12;110;73;12;109;74;12;108;75;12;107;76;12;106;77;12;105;78;12;104;79;12;103;80;12;102;81;12;101;82;12;100;83;12;99;84;12;98;85;12;97;86;12;96;87;12;95;88;12;94;89;12;93;90;12;92;91;12;91;92;12;90;93;12;89;94;12;88;95;12;87;96;12;88;97;12;89;98;12;90;99;12;91;

0;11;183;1;11;182;2;11;181;3;11;180;4;11;179;5;11;178;6;11;177;7;11;176;8;11;175;9;11;174;10;11;173;11;11;172;12;11;171;13;11;170;14;11;169;15;11;168;16;11;167;17;11;166;18;11;165;19;11;164;20;11;163;21;11;162;22;11;161;23;11;160;24;11;159;25;11;158;26;11;157;27;11;156;28;11;155;29;11;154;30;11;153;31;11;152;32;11;151;33;11;150;34;11;149;35;11;148;36;11;147;37;11;146;38;11;145;39;11;144;40;11;143;41;11;142;42;11;141;43;11;140;44;11;139;45;11;138;46;11;137;47;11;136;48;11;135;49;11;134;50;11;133;51;11;132;52;11;131;53;11;130;54;11;129;55;11;128;56;11;127;57;11;126;58;11;125;59;11;124;60;11;123;61;11;122;62;11;121;63;11;120;64;11;119;65;11;118;66;11;117;67;11;116;68;11;115;69;11;114;70;11;113;71;11;112;72;11;111;73;11;110;74;11;109;75;11;108;76;11;107;77;11;106;78;11;105;79;11;104;80;11;103;81;11;102;82;11;101;83;11;100;84;11;99;85;11;98;86;11;97;87;11;96;88;11;95;89;11;94;90;11;93;91;11;92;92;11;91;93;11;90;94;11;89;95;11;88;96;11;89;97;11;90;98;11;91;99;11;92;

0;10;184;1;10;183;2;10;182;3;10;181;4;10;180;5;10;179;6;10;178;7;10;177;8;10;176;9;10;175;10;10;174;11;10;173;12;10;172;13;10;171;14;10;170;15;10;169;16;10;168;17;10;167;18;10;166;19;10;165;20;10;164;21;10;163;22;10;162;23;10;161;24;10;160;25;10;159;26;10;158;27;10;157;28;10;156;29;10;155;30;10;154;31;10;153;32;10;152;33;10;151;34;10;150;35;10;149;36;10;148;37;10;147;38;10;146;39;10;145;40;10;144;41;10;143;42;10;142;43;10;141;44;10;140;45;10;139;46;10;138;47;10;137;48;10;136;49;10;135;50;10;134;51;10;133;52;10;132;53;10;131;54;10;130;55;10;129;56;10;128;57;10;127;58;10;126;59;10;125;60;10;124;61;10;123;62;10;122;63;10;121;64;10;120;65;10;119;66;10;118;67;10;117;68;10;116;69;10;115;70;10;114;71;10;113;72;10;112;73;10;111;74;10;110;75;10;109;76;10;108;77;10;107;78;10;106;79;10;105;80;10;104;81;10;103;82;10;102;83;10;101;84;10;100;85;10;99;86;10;98;87;10;97;88;10;96;89;10;95;90;10;94;91;10;93;92;10;92;93;10;91;94;10;90;95;10;89;96;10;90;97;10;91;98;10;92;99;10;93;

0;9;185;1;9;184;2;9;183;3;9;182;4;9;181;5;9;180;6;9;179;7;9;178;8;9;177;9;9;176;10;9;175;11;9;174;12;9;173;13;9;172;14;9;171;15;9;170;16;9;169;17;9;168;18;9;167;19;9;166;20;9;165;21;9;164;22;9;163;23;9;162;24;9;161;25;9;160;26;9;159;27;9;158;28;9;157;29;9;156;30;9;155;31;9;154;32;9;153;33;9;152;34;9;151;35;9;150;36;9;149;37;9;148;38;9;147;39;9;146;40;9;145;41;9;144;42;9;143;43;9;142;44;9;141;45;9;140;46;9;139;47;9;138;48;9;137;49;9;136;50;9;135;51;9;134;52;9;133;53;9;132;54;9;131;55;9;130;56;9;129;57;9;128;58;9;127;59;9;126;60;9;125;61;9;124;62;9;123;63;9;122;64;9;121;65;9;120;66;9;119;67;9;118;68;9;117;69;9;116;70;9;115;71;9;114;72;9;113;73;9;112;74;9;111;75;9;110;76;9;109;77;9;108;78;9;107;79;9;106;80;9;105;81;9;104;82;9;103;83;9;102;84;9;101;85;9;100;86;9;99;87;9;98;88;9;97;89;9;96;90;9;95;91;9;94;92;9;93;93;9;92;94;9;91;95;9;90;96;9;91;97;9;92;98;9;93;99;9;94;

0;8;186;1;8;185;2;8;184;3;8;183;4;8;182;5;8;181;6;8;180;7;8;179;8;8;178;9;8;177;10;8;176;11;8;175;12;8;174;13;8;173;14;8;172;15;8;171;16;8;170;17;8;169;18;8;168;19;8;167;20;8;166;21;8;165;22;8;164;23;8;163;24;8;162;25;8;161;26;8;160;27;8;159;28;8;158;29;8;157;30;8;156;31;8;155;32;8;154;33;8;153;34;8;152;35;8;151;36;8;150;37;8;149;38;8;148;39;8;147;40;8;146;41;8;145;42;8;144;43;8;143;44;8;142;45;8;141;46;8;140;47;8;139;48;8;138;49;8;137;50;8;136;51;8;135;52;8;134;53;8;133;54;8;132;55;8;131;56;8;130;57;8;129;58;8;128;59;8;127;60;8;126;61;8;125;62;8;124;63;8;123;64;8;122;65;8;121;66;8;120;67;8;119;68;8;118;69;8;117;70;8;116;71;8;115;72;8;114;73;8;113;74;8;112;75;8;111;76;8;110;77;8;109;78;8;108;79;8;107;80;8;106;81;8;105;82;8;104;83;8;103;84;8;102;85;8;101;86;8;100;87;8;99;88;8;98;89;8;97;90;8;96;91;8;95;92;8;94;93;8;93;94;8;92;95;8;91;96;8;92;97;8;93;98;8;94;99;8;95;

0;7;187;1;7;186;2;7;185;3;7;184;4;7;183;5;7;182;6;7;181;7;7;180;8;7;179;9;7;178;10;7;177;11;7;176;12;7;175;13;7;174;14;7;173;15;7;172;16;7;171;17;7;170;18;7;169;19;7;168;20;7;167;21;7;166;22;7;165;23;7;164;24;7;163;25;7;162;26;7;161;27;7;160;28;7;159;29;7;158;30;7;157;31;7;156;32;7;155;33;7;154;34;7;153;35;7;152;36;7;151;37;7;150;38;7;149;39;7;148;40;7;147;41;7;146;42;7;145;43;7;144;44;7;143;45;7;142;46;7;141;47;7;140;48;7;139;49;7;138;50;7;137;51;7;136;52;7;135;53;7;134;54;7;133;55;7;132;56;7;131;57;7;130;58;7;129;59;7;128;60;7;127;61;7;126;62;7;125;63;7;124;64;7;123;65;7;122;66;7;121;67;7;120;68;7;119;69;7;118;70;7;117;71;7;116;72;7;115;73;7;114;74;7;113;75;7;112;76;7;111;77;7;110;78;7;109;79;7;108;80;7;107;81;7;106;82;7;105;83;7;104;84;7;103;85;7;102;86;7;101;87;7;100;88;7;99;89;7;98;90;7;97;91;7;96;92;7;95;93;7;94;94;7;93;95;7;92;96;7;93;97;7;94;98;7;95;99;7;96;

0;6;188;1;6;187;2;6;186;3;6;185;4;6;184;5;6;183;6;6;182;7;6;181;8;6;180;9;6;179;10;6;178;11;6;177;12;6;176;13;6;175;14;6;174;15;6;173;16;6;172;17;6;171;18;6;170;19;6;169;20;6;168;21;6;167;22;6;166;23;6;165;24;6;164;25;6;163;26;6;162;27;6;161;28;6;160;29;6;159;30;6;158;31;6;157;32;6;156;33;6;155;34;6;154;35;6;153;36;6;152;37;6;151;38;6;150;39;6;149;40;6;148;41;6;147;42;6;146;43;6;145;44;6;144;45;6;143;46;6;142;47;6;141;48;6;140;49;6;139;50;6;138;51;6;137;52;6;136;53;6;135;54;6;134;55;6;133;56;6;132;57;6;131;58;6;130;59;6;129;60;6;128;61;6;127;62;6;126;63;6;125;64;6;124;65;6;123;66;6;122;67;6;121;68;6;120;69;6;119;70;6;118;71;6;117;72;6;116;73;6;115;74;6;114;75;6;113;76;6;112;77;6;111;78;6;110;79;6;109;80;6;108;81;6;107;82;6;106;83;6;105;84;6;104;85;6;103;86;6;102;87;6;101;88;6;100;89;6;99;90;6;98;91;6;97;92;6;96;93;6;95;94;6;94;95;6;93;96;6;94;97;6;95;98;6;96;99;6;97;

0;5;189;1;5;188;2;5;187;3;5;186;4;5;185;5;5;184;6;5;183;7;5;182;8;5;181;9;5;180;10;5;179;11;5;178;12;5;177;13;5;176;14;5;175;15;5;174;16;5;173;17;5;172;18;5;171;19;5;170;20;5;169;21;5;168;22;5;167;23;5;166;24;5;165;25;5;164;26;5;163;27;5;162;28;5;161;29;5;160;30;5;159;31;5;158;32;5;157;33;5;156;34;5;155;35;5;154;36;5;153;37;5;152;38;5;151;39;5;150;40;5;149;41;5;148;42;5;147;43;5;146;44;5;145;45;5;144;46;5;143;47;5;142;48;5;141;49;5;140;50;5;139;51;5;138;52;5;137;53;5;136;54;5;135;55;5;134;56;5;133;57;5;132;58;5;131;59;5;130;60;5;129;61;5;128;62;5;127;63;5;126;64;5;125;65;5;124;66;5;123;67;5;122;68;5;121;69;5;120;70;5;119;71;5;118;72;5;117;73;5;116;74;5;115;75;5;114;76;5;113;77;5;112;78;5;111;79;5;110;80;5;109;81;5;108;82;5;107;83;5;106;84;5;105;85;5;104;86;5;103;87;5;102;88;5;101;89;5;100;90;5;99;91;5;98;92;5;97;93;5;96;94;5;95;95;5;94;96;5;95;97;5;96;98;5;97;99;5;98;

0;4;190;1;4;189;2;4;188;3;4;187;4;4;186;5;4;185;6;4;184;7;4;183;8;4;182;9;4;181;10;4;180;11;4;179;12;4;178;13;4;177;14;4;176;15;4;175;16;4;174;17;4;173;18;4;172;19;4;171;20;4;170;21;4;169;22;4;168;23;4;167;24;4;166;25;4;165;26;4;164;27;4;163;28;4;162;29;4;161;30;4;160;31;4;159;32;4;158;33;4;157;34;4;156;35;4;155;36;4;154;37;4;153;38;4;152;39;4;151;40;4;150;41;4;149;42;4;148;43;4;147;44;4;146;45;4;145;46;4;144;47;4;143;48;4;142;49;4;141;50;4;140;51;4;139;52;4;138;53;4;137;54;4;136;55;4;135;56;4;134;57;4;133;58;4;132;59;4;131;60;4;130;61;4;129;62;4;128;63;4;127;64;4;126;65;4;125;66;4;124;67;4;123;68;4;122;69;4;121;70;4;120;71;4;119;72;4;118;73;4;117;74;4;116;75;4;115;76;4;114;77;4;113;78;4;112;79;4;111;80;4;110;81;4;109;82;4;108;83;4;107;84;4;106;85;4;105;86;4;104;87;4;103;88;4;102;89;4;101;90;4;100;91;4;99;92;4;98;93;4;97;94;4;96;95;4;95;96;4;96;97;4;97;98;4;98;99;4;99;

0;3;191;1;3;190;2;3;189;3;3;188;4;3;187;5;3;186;6;3;185;7;3;184;8;3;183;9;3;182;10;3;181;11;3;180;12;3;179;13;3;178;14;3;177;15;3;176;16;3;175;17;3;174;18;3;173;19;3;172;20;3;171;21;3;170;22;3;169;23;3;168;24;3;167;25;3;166;26;3;165;27;3;164;28;3;163;29;3;162;30;3;161;31;3;160;32;3;159;33;3;158;34;3;157;35;3;156;36;3;155;37;3;154;38;3;153;39;3;152;40;3;151;41;3;150;42;3;149;43;3;148;44;3;147;45;3;146;46;3;145;47;3;144;48;3;143;49;3;142;50;3;141;51;3;140;52;3;139;53;3;138;54;3;137;55;3;136;56;3;135;57;3;134;58;3;133;59;3;132;60;3;131;61;3;130;62;3;129;63;3;128;64;3;127;65;3;126;66;3;125;67;3;124;68;3;123;69;3;122;70;3;121;71;3;120;72;3;119;73;3;118;74;3;117;75;3;116;76;3;115;77;3;114;78;3;113;79;3;112;80;3;111;81;3;110;82;3;109;83;3;108;84;3;107;85;3;106;86;3;105;87;3;104;88;3;103;89;3;102;90;3;101;91;3;100;92;3;99;93;3;98;94;3;97;95;3;96;96;3;97;97;3;98;98;3;99;99;3;100;

0;2;192;1;2;191;2;2;190;3;2;189;4;2;188;5;2;187;6;2;186;7;2;185;8;2;184;9;2;183;10;2;182;11;2;181;12;2;180;13;2;179;14;2;178;15;2;177;16;2;176;17;2;175;18;2;174;19;2;173;20;2;172;21;2;171;22;2;170;23;2;169;24;2;168;25;2;167;26;2;166;27;2;165;28;2;164;29;2;163;30;2;162;31;2;161;32;2;160;33;2;159;34;2;158;35;2;157;36;2;156;37;2;155;38;2;154;39;2;153;40;2;152;41;2;151;42;2;150;43;2;149;44;2;148;45;2;147;46;2;146;47;2;145;48;2;144;49;2;143;50;2;142;51;2;141;52;2;140;53;2;139;54;2;138;55;2;137;56;2;136;57;2;135;58;2;134;59;2;133;60;2;132;61;2;131;62;2;130;63;2;129;64;2;128;65;2;127;66;2;126;67;2;125;68;2;124;69;2;123;70;2;122;71;2;121;72;2;120;73;2;119;74;2;118;75;2;117;76;2;116;77;2;115;78;2;114;79;2;113;80;2;112;81;2;111;82;2;110;83;2;109;84;2;108;85;2;107;86;2;106;87;2;105;88;2;104;89;2;103;90;2;102;91;2;101;92;2;100;93;2;99;94;2;98;95;2;97;96;2;98;97;2;99;98;2;100;99;2;101;

0;1;193;1;1;192;2;1;191;3;1;190;4;1;189;5;1;188;6;1;187;7;1;186;8;1;185;9;1;184;10;1;183;11;1;182;12;1;181;13;1;180;14;1;179;15;1;178;16;1;177;17;1;176;18;1;175;19;1;174;20;1;173;21;1;172;22;1;171;23;1;170;24;1;169;25;1;168;26;1;167;27;1;166;28;1;165;29;1;164;30;1;163;31;1;162;32;1;161;33;1;160;34;1;159;35;1;158;36;1;157;37;1;156;38;1;155;39;1;154;40;1;153;41;1;152;42;1;151;43;1;150;44;1;149;45;1;148;46;1;147;47;1;146;48;1;145;49;1;144;50;1;143;51;1;142;52;1;141;53;1;140;54;1;139;55;1;138;56;1;137;57;1;136;58;1;135;59;1;134;60;1;133;61;1;132;62;1;131;63;1;130;64;1;129;65;1;128;66;1;127;67;1;126;68;1;125;69;1;124;70;1;123;71;1;122;72;1;121;73;1;120;74;1;119;75;1;118;76;1;117;77;1;116;78;1;115;79;1;114;80;1;113;81;1;112;82;1;111;83;1;110;84;1;109;85;1;108;86;1;107;87;1;106;88;1;105;89;1;104;90;1;103;91;1;102;92;1;101;93;1;100;94;1;99;95;1;98;96;1;99;97;1;100;98;1;101;99;1;102;

0;0;999;1;0;193;2;0;192;3;0;191;4;0;190;5;0;189;6;0;188;7;0;187;8;0;186;9;0;185;10;0;184;11;0;183;12;0;182;13;0;181;14;0;180;15;0;179;16;0;178;17;0;177;18;0;176;19;0;175;20;0;174;21;0;173;22;0;172;23;0;171;24;0;170;25;0;169;26;0;168;27;0;167;28;0;166;29;0;165;30;0;164;31;0;163;32;0;162;33;0;161;34;0;160;35;0;159;36;0;158;37;0;157;38;0;156;39;0;155;40;0;154;41;0;153;42;0;152;43;0;151;44;0;150;45;0;149;46;0;148;47;0;147;48;0;146;49;0;145;50;0;144;51;0;143;52;0;142;53;0;141;54;0;140;55;0;139;56;0;138;57;0;137;58;0;136;59;0;135;60;0;134;61;0;133;62;0;132;63;0;131;64;0;130;65;0;129;66;0;128;67;0;127;68;0;126;69;0;125;70;0;124;71;0;123;72;0;122;73;0;121;74;0;120;75;0;119;76;0;118;77;0;117;78;0;116;79;0;115;80;0;114;81;0;113;82;0;112;83;0;111;84;0;110;85;0;109;86;0;108;87;0;107;88;0;106;89;0;105;90;0;104;91;0;103;92;0;102;93;0;101;94;0;100;95;0;99;96;0;100;97;0;101;98;0;102;99;0;103;

